empresa,estado,tel
Correia Ltda.,ES,(071) 0446 7687
da Luz,PA,+55 (021) 0844 9886
Lopes,RS,+55 11 7614-0313
Correia S.A.,TO,(011) 4251 2569
Moreira Novaes Ltda.,MA,+55 (061) 3757 3475
Cunha,RN,0900-489-8885
Rocha,RS,+55 (051) 8693 6544
Ferreira,ES,(031) 8623 0443
Fernandes Gomes S.A.,AP,(071) 3594-7481
Oliveira,ES,(011) 6352 9878
da Conceição S.A.,PB,+55 (081) 2253 6565
Campos - EI,PE,+55 21 7488-8678
Cavalcanti Rocha e Filhos,RN,0500-032-8882
das Neves da Cruz - EI,AP,(051) 3909-8853
da Cunha,RS,+55 71 5882 7322
Caldeira,DF,+55 (041) 4062 4716
Santos Mendes - ME,TO,81 7837 7161
Ribeiro Alves - ME,SE,(031) 4450 7753
Almeida,SC,+55 41 0017-4420
Silva,RN,+55 (031) 2437 2221
Carvalho Pereira e Filhos,AM,+55 81 1073 5747
Almeida,BA,+55 (081) 7144-8186
Viana Gomes e Filhos,PA,(081) 2801-5347
Duarte,MS,51 2066 2018
da Mata,PA,+55 (071) 6647-3556
da Luz - EI,PR,+55 (061) 6643-4023
Gomes,SC,+55 84 2769 8210
Mendes,MA,(041) 1660 8256
Santos e Filhos,PB,0900 154 0272
Gonçalves,RR,+55 71 8278-4060
da Paz e Filhos,RO,+55 (084) 3137 7814
Rezende,AC,84 5739-1100
Barros S/A,PE,+55 71 1960-4577
Barros Rezende S/A,BA,84 4010 5086
Araújo,GO,(071) 7898-2551
Silveira Souza Ltda.,RO,+55 (084) 7116 3037
Pires,AP,+55 (051) 0495-2376
Alves,RN,(084) 4227 7073
Moreira,RO,+55 81 3968-2860
Santos da Rosa e Filhos,MG,(084) 9595-2600
Oliveira,RR,84 2385-5328
Nascimento Vieira - EI,PR,+55 31 0563 7260
da Cunha,SC,51 5812 1751
Ribeiro,SC,0300-962-4519
Vieira e Filhos,PE,21 0147-1414
Duarte Jesus e Filhos,AL,+55 (031) 6974 3924
Freitas,RO,31 5200-2536
Cardoso Ltda.,BA,(031) 5285 7308
Sales,BA,+55 11 2592-2943
Moura,MS,+55 (021) 9983-8619
Viana,AC,+55 81 9442 9833
Castro Santos Ltda.,PB,+55 61 5096 2509
Carvalho,BA,0900-575-7587
Teixeira,PE,0300 693 4756
da Mata,MS,+55 84 4847-8499
Cardoso,PA,+55 84 3324 3326
Oliveira,MT,+55 71 0367 5773
Rocha,PR,+55 11 9330-2619
Costa,RJ,71 2803 3207
Aragão,MG,+55 81 3548 4064
Moreira,MS,0800-034-3016
Lima,PB,+55 (021) 9023 4171
Araújo S.A.,GO,0300-595-6399
Porto Almeida - EI,MS,31 0150 6119
Lopes Cunha e Filhos,TO,+55 (041) 0621-1698
da Cruz,PE,(051) 2246-8869
Viana S.A.,TO,+55 71 6093 7682
Cardoso S/A,PR,0300-560-5780
Carvalho,DF,(081) 5580-3755
Moura,RJ,+55 (041) 5519-4714
das Neves - EI,BA,0900 015 8009
da Mota,RS,+55 (081) 8593 5995
Moreira,AM,+55 71 7177-0005
Castro,BA,71 5232 0589
da Costa,GO,0500-747-4579
Teixeira Azevedo S/A,DF,31 0633 6642
Ramos,RN,(084) 1702-4190
da Cunha - ME,AC,(071) 6905-9616
da Costa,PA,71 5872-0517
Peixoto Cavalcanti Ltda.,MG,+55 (021) 0492-4775
Alves,PE,(011) 3240-1954
da Conceição S.A.,AP,+55 51 9353 5831
Gomes - ME,PE,+55 (041) 1235 7187
Santos Vieira S.A.,RN,0300 645 6288
Castro,SE,+55 81 9390-0000
Moraes da Cruz - ME,BA,51 9624 4148
Melo,RO,51 3222 5366
Azevedo,SP,+55 (071) 6534 4713
Mendes - EI,RS,(081) 6647 3945
Santos Monteiro S.A.,PE,+55 51 9320 1517
Oliveira Caldeira S.A.,MT,0500 754 0723
da Cunha e Filhos,MG,0500 341 4113
da Costa da Cruz - EI,SP,+55 (011) 4132 6141
Farias,RR,71 4035-7195
Cavalcanti da Conceição - ME,BA,+55 41 9705-7245
Almeida,AM,(051) 4281 2228
Araújo,PB,+55 81 3142 6148
Caldeira,DF,+55 21 8470-8970
Dias - ME,SE,(031) 5625 1598
Caldeira Ltda.,SC,+55 (071) 1564-8619
Caldeira,SP,61 3179 6372
da Cunha,AL,(021) 8445 0091
Ferreira - EI,AC,(071) 7190-6250
Nascimento Lima - EI,PR,+55 (011) 0542-0193
Lopes,SC,+55 11 9507 4359
Barbosa,RR,(081) 1124 6910
Ribeiro,MA,0500-873-8021
Cardoso,MS,+55 (031) 9902 8275
Moreira,GO,+55 (061) 9614 1484
Gonçalves,SP,(041) 8779 6349
Souza - ME,PE,21 7151 9444
da Conceição S/A,PB,(031) 7160 4982
Nogueira Lopes Ltda.,SP,+55 81 0607 5665
Campos,BA,+55 (051) 6931 1645
Lima Gomes - ME,CE,+55 (051) 4968-5943
Moura,PA,51 4882 0788
Farias,GO,(084) 2106-5228
Ferreira das Neves Ltda.,PB,(021) 8146 0709
Monteiro da Mota - EI,SE,+55 (081) 7241-4375
Nogueira,SE,0300-075-0943
Farias,ES,(011) 2257 6926
Azevedo S.A.,PB,(084) 2599-4374
Martins da Rosa Ltda.,RO,(031) 5036 9112
Lopes,GO,+55 (031) 8218-4857
Freitas da Mota e Filhos,CE,(021) 3482 9141
Pires,TO,0900 016 4764
Fernandes,RN,+55 21 5158-9779
Silva Moura S.A.,SC,+55 61 2147 6375
Cardoso,SE,(084) 7459-6589
Cunha,AM,21 3662 8623
Freitas Porto S.A.,PI,71 5542-8662
Cardoso Oliveira S.A.,AM,+55 (084) 1174-0262
Azevedo,RS,+55 (071) 2347-5473
Cunha Duarte S/A,RR,(071) 5245-2999
Pinto Jesus - ME,AL,31 6301-3671
Araújo e Filhos,CE,(051) 8052-8431
Aragão S/A,RO,+55 61 0221-7408
da Paz,SP,(041) 4641-5614
Ribeiro S.A.,TO,+55 (021) 8037 0059
Silva S/A,RS,+55 71 8616 3416
Vieira - EI,AM,+55 61 3889 0047
Novaes,RR,0800-490-3489
Gomes Cavalcanti - ME,AC,0800 340 8544
Azevedo Moraes S.A.,AC,+55 41 3027-6149
Lima Aragão - ME,SP,+55 (021) 9487 6528
Barbosa,PA,+55 84 8615 5650
Moreira S/A,AM,(061) 2492-1506
Souza,RJ,0800 685 4071
Freitas,PA,+55 51 2727 4016
da Paz,MT,(061) 5964-7514
Cardoso,RN,+55 (011) 7086-5342
Santos,MT,+55 21 9202 9637
Correia,SP,84 6150-1049
Costela,AL,(061) 6152-3657
da Mata S.A.,SE,+55 (081) 4197 5154
Cardoso,DF,(084) 9550-5273
da Paz,AM,61 6920 0429
da Costa Barbosa e Filhos,SC,+55 (061) 5506-3575
Pinto,CE,+55 31 6604-1733
Silva,TO,+55 (081) 5671 3210
Moreira Costela - EI,SC,0800 750 9036
Alves,PA,+55 (071) 2617-3101
Cardoso,MS,0900 529 7755
Barros,ES,51 7756 6730
Duarte da Mata - EI,CE,+55 11 6554 4614
Farias,SE,+55 21 1268 8494
Fogaça Viana - EI,SC,+55 (041) 8692 4521
Ramos Ltda.,MT,+55 (051) 9759 6389
da Luz,RO,+55 (031) 4442-2841
Teixeira S.A.,CE,+55 61 0352-4886
Nunes S.A.,RJ,+55 41 1007 8014
Rezende,MS,0500-999-0533
da Paz Ltda.,SC,51 0531 5209
da Cruz,SC,+55 (071) 3948-3881
Ramos S.A.,PR,0500 865 1621
Rodrigues - ME,AC,0800 952 1739
Fogaça - EI,RO,(021) 6192 7572
da Costa,SE,+55 51 6639 4952
Caldeira Lopes - EI,PA,11 9063-1200
Lima,PR,+55 (011) 1493-3449
Pereira,ES,+55 (051) 0011 8165
Viana,RJ,+55 41 0742-7496
Cardoso da Conceição - ME,CE,0800-101-6981
Cavalcanti,AC,0800 495 1309
Fernandes da Rosa - ME,PA,+55 (071) 7989-4192
Souza,GO,+55 (071) 8031-7650
Campos,RN,81 0775-8104
Fogaça Ltda.,GO,11 6338 6997
da Mota - ME,AP,+55 (081) 8674-2830
Gomes,MS,51 7646 6849
Sales,AM,+55 31 8888 8312
Ramos,PB,(061) 4982-1159
Farias,CE,+55 71 9000 8215
Lopes,DF,+55 21 5627-5727
Ribeiro,PB,(031) 2341 4827
Barbosa - EI,RJ,(051) 5600 3787
da Paz Aragão - ME,GO,+55 81 0629-1359
da Costa,BA,31 4399 9963
Vieira,RS,+55 (051) 9293 6070
Lopes,CE,+55 (071) 8042 6782
das Neves Caldeira Ltda.,PR,+55 41 7853 6813
Ramos,RR,(071) 1607-0789
Porto,MS,(084) 5075 0064
Alves - EI,SE,(011) 0610 3923
Duarte,AC,(021) 2474 3212
da Mata Duarte - ME,PB,+55 (061) 4145-7751
Vieira,PI,(031) 1575 2253
da Rocha,PB,+55 21 4815-3907
Correia,AL,(084) 0119 8317
Viana,SC,31 1590-6180
da Conceição,RS,61 1961-4485
Jesus,RO,+55 41 2747 9509
Silva,AL,0300 553 6656
Moreira,GO,84 9991 6933
da Conceição,RN,71 4324-8277
das Neves Aragão e Filhos,BA,+55 21 7896 4824
Santos Ltda.,SC,(031) 7639-9744
Almeida,MS,0300 232 7590
Azevedo - ME,RJ,(041) 3615 2141
da Cruz Rezende Ltda.,AM,+55 (071) 9738-7355
Duarte S/A,MA,(084) 0091 9599
Gonçalves,SP,(051) 5240-4932
Peixoto,PE,+55 (021) 9915-8913
Monteiro,PR,(031) 3013-5163
Cardoso Pereira - EI,MS,0900 599 5951
Rocha,MG,84 8236-4864
Ribeiro,SP,81 2414 7128
Gomes,SE,+55 (061) 3062-0527
Costa,CE,(081) 7469-9995
Nunes S/A,RR,71 2742 5971
Ramos Ltda.,PR,(084) 2450-1939
Farias Teixeira - EI,MA,+55 (011) 5657-2734
das Neves,DF,+55 31 7060-1766
Cavalcanti Melo - EI,SC,41 2292 4748
Castro,ES,+55 51 9115 8893
Castro Ltda.,RR,+55 (041) 5043 9193
da Rocha Ltda.,RS,+55 61 6723 1849
Cardoso S/A,SP,(071) 6848-3172
Duarte,AL,(081) 7547 1015
da Rosa e Filhos,RR,(061) 7143-1238
Correia - ME,RR,(071) 7502-2035
Melo,RS,(051) 7608-3711
Mendes S/A,RO,+55 84 6148-5022
Melo,MG,(071) 5553 9697
da Luz,RR,(041) 9026 8679
Porto Ltda.,PR,(051) 1106 4928
Nunes S/A,AP,+55 (011) 1671-2638
Alves Moraes e Filhos,MS,(061) 6455 7831
Jesus,RS,+55 41 8149 7732
Rezende,PA,+55 71 8705-3563
Lima,MG,(041) 9657-3747
Viana Cunha e Filhos,SP,11 2145-0802
Santos,MG,+55 51 6013 3092
Silva e Filhos,DF,0800 338 7293
Almeida,AP,+55 11 0478 5531
Ribeiro S.A.,PB,+55 61 8848 8354
Ferreira Cunha e Filhos,RR,+55 31 6450 7016
Pinto - EI,RN,(084) 9634 5810
Mendes Ltda.,RS,84 2562-5141
Oliveira Martins - EI,AC,+55 61 3191-2454
das Neves S/A,RN,21 2423-0078
Cavalcanti - EI,RS,+55 (081) 5012-5164
da Rocha Pinto e Filhos,PE,0500 354 6234
Alves e Filhos,MT,(011) 5352-3289
da Luz - ME,RN,+55 84 0109-4917
Lopes,SE,+55 21 9054 2232
Pinto,RN,(031) 7920 4833
Araújo,RN,+55 11 2203 3711
Dias - EI,MT,+55 (051) 4156 9809
Vieira Ribeiro S.A.,PA,0300-912-3823
Silveira,AL,(084) 1733-7388
da Rosa Ltda.,BA,+55 (021) 2609-2442
Costela,SC,84 1306-3260
Cavalcanti e Filhos,RS,+55 31 8442 6014
Sales,RO,(071) 3204 2240
Costa,AL,+55 (061) 5351-0515
Cavalcanti Cunha S.A.,SC,+55 (011) 1936 4882
Ramos,SC,0300-951-1788
Correia,RN,(071) 6359 2267
Novaes,AC,+55 61 3948 2906
da Cunha,PR,+55 51 7764 5584
da Paz Correia - ME,CE,(011) 6573-9785
Farias Gonçalves S.A.,MT,(071) 3481-2776
Novaes,AP,(041) 3908 5749
Costa e Filhos,PI,0500-102-3822
Ramos Ltda.,RN,84 2462 7080
Monteiro,PI,+55 (031) 9317 4752
Jesus,TO,(051) 9533 8328
Nogueira S.A.,GO,+55 (021) 3124-1080
Teixeira S.A.,GO,31 7432-2919
Alves S/A,RN,+55 (041) 2822-0237
Cavalcanti Fernandes S.A.,RS,+55 51 0829 6084
Carvalho S/A,ES,+55 (011) 4626-8659
Jesus,PE,+55 21 2697-6034
Costela,RS,(061) 6268 7376
Cardoso,ES,0800 811 7354
Teixeira e Filhos,ES,0800-042-3849
Cardoso da Cunha e Filhos,PE,0300 540 4618
Martins,CE,+55 71 3719-5379
Costela,PE,21 0224-4999
da Mota,TO,(021) 5449-1650
da Luz,DF,(061) 7309-7831
da Cruz da Rosa Ltda.,MS,51 2544 3807
Alves,ES,+55 (041) 5736-4444
Gonçalves,RR,81 3967 5360
Sales,PR,+55 41 9412 3226
da Paz,SE,11 2813-7286
da Conceição,SE,+55 (041) 2363 2473
Cardoso e Filhos,BA,+55 (011) 8922 0755
da Rosa,DF,21 7019 7979
Pinto Nogueira Ltda.,MS,+55 (071) 3434 5733
Lima,MT,(021) 4886-1613
Alves,MA,+55 84 6395 5787
Moreira e Filhos,DF,0300-982-8604
da Cruz,PB,+55 (011) 7481-4307
Cunha,AM,11 0559-5025
Barbosa,PA,(081) 9099-9211
Cardoso,MT,81 2606 1036
Ribeiro,AC,+55 (021) 7424-3111
Peixoto Ltda.,AM,+55 (051) 2995-4839
Jesus Ltda.,SC,(051) 6863-3902
Carvalho,MA,71 3265-3691
Oliveira S/A,PE,+55 31 3152 1877
Gomes,GO,+55 (051) 7529-5210
Almeida,RR,(031) 1039 1994
Dias,ES,+55 (041) 7567-1355
Cardoso,AL,(071) 3906 0894
Lopes Ltda.,RR,0900 898 2007
Cardoso S.A.,CE,(021) 5296-3085
Costela,GO,21 0892 6092
Pinto,PB,+55 81 2993-1736
Castro,SP,+55 84 9090 9934
Teixeira,SC,+55 41 5802 4355
Castro,PA,(081) 4277 3544
Rocha da Mota - EI,RO,+55 (011) 7242-2049
Souza,MG,+55 (041) 2044-0609
Sales e Filhos,MG,51 1022 1045
Teixeira Mendes S/A,GO,81 2451 6557
Santos,DF,0900 021 8632
Silveira,BA,0800 119 5742
Oliveira,RJ,+55 (061) 6629 6242
Jesus,PB,+55 71 7993 7191
Campos,PB,0900 655 2036
Aragão,PR,61 2027 8296
Campos Sales Ltda.,RN,+55 51 8725 9673
Ramos,AL,11 9217 9882
Silveira,AM,+55 (051) 3813 0310
Martins,MT,(081) 2159 8399
Viana Duarte e Filhos,RS,+55 11 8148 2712
Silva,MS,+55 21 7684 3729
Oliveira Lopes Ltda.,SC,+55 41 1148-4175
Correia Nogueira e Filhos,TO,+55 (061) 9464 1191
Oliveira,DF,31 5320 2226
Almeida S.A.,AP,+55 21 8567-5472
das Neves,AL,+55 11 0828-2443
da Conceição,RJ,41 8911 1248
Lopes,MS,+55 (081) 9592-2943
Pires,PI,0900 723 1576
Moraes Ribeiro S.A.,BA,11 1137 1218
da Costa,MT,+55 41 0848-3301
Novaes - ME,PI,+55 61 7087-5327
Teixeira Nunes Ltda.,DF,(061) 7750 8217
Monteiro Silveira Ltda.,ES,+55 (031) 1008-3934
Sales,PE,+55 71 0824 1147
Costa - ME,PE,(021) 5053-6357
Silveira,RR,+55 (081) 3725-4041
Nunes Cardoso S/A,RN,84 6546-1285
Souza Vieira S.A.,AM,(084) 5585-5779
Novaes,AC,+55 (031) 5551 1253
Rezende Campos Ltda.,DF,(041) 0874-1704
das Neves,MS,(084) 4980 5534
da Cruz - ME,BA,(084) 9929-5201
Souza,TO,+55 81 3318 6487
Alves S/A,MA,(011) 7543 0652
Cardoso,SP,(084) 1500-4182
Souza,ES,(041) 9605-5317
Costela e Filhos,PA,51 8958 6472
Viana Duarte e Filhos,ES,+55 41 3813 9136
Moreira e Filhos,SC,+55 (084) 0269 5661
Duarte,CE,(011) 4916-8945
Rezende Costa S.A.,MA,(031) 7875-2190
Costela,RJ,+55 (041) 7272-1648
Costela Fogaça S.A.,PI,+55 (041) 8189-2237
Costa Ferreira Ltda.,RO,+55 (071) 5428-5153
da Conceição,AM,+55 11 0676 4872
Rezende S.A.,RO,(011) 4267-8451
Silva Oliveira - EI,AM,(031) 8251 0771
Costela Gonçalves - ME,MG,51 1056 9989
Oliveira,SE,+55 (084) 4344 5038
Souza,AM,51 0576 5572
Fogaça,RR,71 1458-2880
Aragão S.A.,TO,+55 21 6429 3125
Rocha,CE,+55 51 1643 0745
Souza Mendes Ltda.,MT,+55 (081) 1362-4184
Gonçalves,PB,+55 (021) 2171-5594
Campos,SP,+55 (051) 8623 8665
Cavalcanti,ES,+55 11 2925-8739
Cardoso e Filhos,SC,0500-216-4498
Dias,AL,+55 (081) 4405-4025
Mendes,RJ,(084) 6917-5026
Araújo,AP,(084) 7662-4488
Rodrigues,DF,+55 21 2251-6046
Cunha,MS,+55 (081) 3360-3526
Castro,RO,(031) 4976-4987
Pinto,PE,+55 (031) 6068 7348
Monteiro,ES,11 0506 7244
Farias,RR,(071) 2093 4782
Gomes,AP,(051) 4278 9867
Ferreira Campos - ME,RO,(041) 2069 9871
Almeida,BA,11 6474-3275
Teixeira Melo - ME,SC,+55 11 1574 8465
Cardoso,RN,11 4411-6556
Costa Ltda.,AL,(081) 4871-0110
Melo,RO,(031) 0362-4884
Teixeira - ME,AC,(041) 4574 3027
da Mota da Paz Ltda.,MT,+55 (051) 1139 8546
Barros,RN,(031) 8632 3066
Oliveira,BA,0500-502-6015
Caldeira Cunha Ltda.,DF,+55 61 0496 6993
Cardoso,AP,0800 832 5778
da Costa,AC,+55 61 1267 8129
Jesus,RO,51 3718 9851
Ribeiro - ME,AM,21 7816-3705
Martins Aragão S/A,SC,+55 (084) 4933-0073
Cardoso - EI,AP,(011) 9578-7077
da Paz - ME,AL,(061) 8872 4735
Nogueira,ES,+55 71 5657-9783
Gomes,MS,61 0313 7768
Farias,MA,81 3716-7682
Monteiro,AM,+55 (041) 9976-8971
Viana,RJ,(031) 0123 0856
Nascimento,AP,(081) 5405-5320
Barbosa Moraes - EI,BA,(041) 9182 0056
Duarte Moraes e Filhos,DF,(061) 7577-3279
Cunha - ME,AM,+55 51 7034 6480
Silveira Ramos S/A,GO,+55 (084) 6847-3899
Cardoso,DF,+55 (031) 5913-4916
da Cunha,PI,+55 51 2199 9832
Sales,RN,+55 (051) 3511 0014
Caldeira,MS,+55 (041) 8181 1266
da Conceição,GO,+55 51 4219 8900
Campos Ltda.,PE,+55 41 0541-1529
Lopes S.A.,RS,(081) 2726 8366
das Neves Lopes S/A,MA,+55 (021) 6344-4934
Cavalcanti,AC,+55 21 3956 7330
Costela Carvalho e Filhos,SE,11 8518-0285
Cavalcanti,RN,(071) 9431-7457
Lima Costela - ME,RR,11 7250-2184
Moraes Mendes S.A.,SE,61 2440 0209
da Costa,SE,84 3434 4196
Viana,TO,+55 (061) 3125-9024
Ferreira Melo - EI,MA,(031) 4865 0013
da Mata,AP,+55 21 9738 6589
Silveira da Luz S.A.,AL,(081) 2184 1179
Pires,GO,+55 31 0998-0062
Freitas Nunes S.A.,PR,+55 (041) 5248 2267
Oliveira e Filhos,SC,+55 (084) 4491-0788
da Rocha da Mata S.A.,MT,31 3381-9225
Barros Ltda.,RO,+55 (084) 9221 0927
Cardoso,CE,71 5316-1455
Aragão,PB,81 5316-2697
Moreira Ltda.,SC,+55 (084) 0119 1937
da Paz - ME,AC,(051) 7039 1113
Mendes,AM,+55 81 6369-5550
Azevedo - EI,CE,+55 (021) 4743 5457
da Luz,PA,41 9916 2297
Dias,SE,71 2014 6987
Peixoto Peixoto - EI,DF,+55 51 6418 9058
Barbosa S/A,AM,+55 51 3152 6377
Rodrigues e Filhos,ES,41 3559-1547
Campos e Filhos,BA,+55 11 4562-4634
da Mota e Filhos,RN,0300 111 9647
Cardoso,MS,0800 719 2410
Ferreira,RS,61 5545 4804
Rezende,SP,+55 (021) 1340-4856
Aragão,AP,+55 51 4447 8511
Aragão,GO,+55 (071) 5774 6085
da Costa S/A,MG,+55 (084) 5687 3116
Cavalcanti,RS,21 3621-0079
da Luz Campos S.A.,RO,+55 (084) 7685 6494
Ribeiro,RN,81 0214 2038
Dias,ES,+55 84 3404-6449
Moraes Duarte S/A,MS,+55 (011) 5601 9388
Farias,MA,+55 31 4899 3273
da Mota,RS,0500-332-1869
Costela,MA,+55 21 2096-8094
Farias,MA,(051) 8200 9146
da Mota,SE,+55 (041) 3669-5463
da Cunha Moraes - ME,RR,+55 (061) 4474 1891
da Mata,PE,+55 84 3584 6672
Campos - ME,MS,61 8425-7835
Fogaça Nogueira - ME,PB,+55 (084) 8595 3272
Nunes Nascimento S.A.,RR,0900-953-0170
Peixoto - ME,RN,+55 61 1693 3439
Vieira,AL,81 5465 4279
Fogaça,MG,21 5230-6675
da Mata Lopes - ME,RS,31 4004 1737
da Cunha S/A,PA,21 4209-2319
Silveira da Luz - ME,PR,61 3414 1903
da Conceição S/A,MT,+55 (011) 7781 8437
Ramos Ramos S.A.,ES,(031) 5558 6540
Moura,RO,+55 71 5968 2427
Ramos Ltda.,MG,(041) 6856-6543
Lopes,SP,+55 21 5620-2754
Moraes,MA,+55 31 2907 1763
Vieira,PE,+55 21 7245-0157
Alves,AL,(021) 7440 0775
Farias,DF,11 6993-5300
da Mota - EI,MG,+55 (061) 1185 0822
Cardoso,PE,+55 (011) 3818 9010
da Costa,RN,0500 427 6664
Cavalcanti Araújo S/A,RO,+55 84 9745-1193
Ferreira,PE,+55 (061) 7080-5762
da Cruz,RO,84 3793-7224
da Costa,CE,+55 (081) 9563 0837
Novaes - ME,PI,+55 (084) 5994-7215
Silva Castro S/A,TO,+55 (041) 0934 4632
Rodrigues,AM,+55 (071) 8064-5288
Sales - EI,CE,+55 71 0331 0845
Almeida,PA,+55 11 9693-9713
das Neves,PI,11 0783-5379
da Rocha,MA,81 4286-4001
Lopes,MG,+55 81 6831 5251
Cavalcanti,SP,+55 (011) 5951 8571
Campos Freitas S.A.,CE,(011) 9654-2936
Jesus S.A.,PA,+55 (011) 5965 2271
da Mata S/A,RS,71 0612-0313
Novaes,MS,+55 (071) 9689 3751
Teixeira Farias - ME,AP,+55 (071) 8333 9748
Porto,CE,+55 (084) 1995-1018
Gonçalves Ramos - ME,AM,51 4564 4443
Martins Ltda.,MS,(084) 0113 6256
Nunes,DF,(081) 8004-0644
Lima S.A.,RR,+55 51 7764 3725
Pinto - EI,MA,+55 51 9990 7160
Porto,DF,(084) 8008 1284
Cardoso,RJ,+55 (041) 4911 5293
Castro,AC,+55 (021) 8896 0212
Cardoso,AP,0900-429-1292
Sales,AP,0900 836 6415
da Paz,MT,61 8899-9379
da Rosa,MT,0300 808 7449
Fernandes - EI,BA,+55 71 6088 2390
Campos da Conceição Ltda.,AC,(084) 8812 4424
Moreira,SE,+55 (071) 2262-4829
Viana das Neves - ME,RO,0300-610-7224
Moreira Ramos Ltda.,MA,+55 (031) 7641 8438
Silveira,SE,0900 720 4949
Rezende - EI,SP,61 9459-1693
Pereira,MA,(051) 1665-9243
Dias,SE,81 9059-5247
da Mota Dias e Filhos,TO,84 8803-5159
Peixoto,MS,71 9118 9018
Pereira,AL,(081) 6335 2230
Costela Ltda.,SP,+55 11 0191 4784
Cavalcanti,RS,+55 51 0198 4639
Castro,SC,51 9002 6467
Rodrigues S/A,RO,0300 586 9991
Ferreira - EI,CE,0500-439-4875
Barbosa Carvalho S.A.,ES,21 5827-8229
Nascimento Alves - EI,PI,+55 (081) 4173 1195
Melo,PR,11 5261-1309
Fernandes,SE,+55 41 4347 6550
Monteiro Araújo S/A,SC,81 0382-0805
Fogaça Moreira Ltda.,TO,+55 21 9497-8379
Castro,SP,61 7862 6930
Melo - ME,DF,71 3400 8817
Farias Araújo - EI,PE,(081) 6624-2447
Farias Gonçalves Ltda.,RS,+55 (071) 5373 9487
Pinto,PE,+55 (061) 9617 5178
Moreira Peixoto Ltda.,DF,+55 21 7736 8914
da Rosa da Mata S/A,CE,+55 (051) 9041-1567
Peixoto - ME,RJ,+55 41 2633 2404
Ramos Fogaça S/A,SC,61 1703-5482
da Costa,RJ,(021) 7235-1163
Gomes,SC,0500-557-1026
Pinto,CE,+55 11 7159 0150
Freitas,SE,+55 81 2784 6183
Monteiro da Luz S/A,ES,21 3102 3420
Viana S/A,RN,(011) 1210-6661
da Costa,MS,+55 (051) 3914-6718
Dias,DF,+55 81 2180 8545
Moura,SE,(071) 9248 0825
Santos - ME,MA,+55 51 2572 8651
Oliveira,RN,+55 61 9613 4143
da Paz,RR,(021) 5291 1270
Correia - ME,ES,(071) 0400-8785
Moraes,AC,+55 (041) 8711-0121
Ramos Teixeira - ME,CE,(031) 9215 4151
da Cunha Peixoto S/A,RS,71 6337 2199
Costela,AC,31 5021-3401
Gomes,MS,+55 81 1233 0979
Silveira Mendes - EI,PA,(021) 8755 5010
Moraes,CE,+55 21 3634 3805
Campos,GO,51 2144 5277
Duarte S.A.,PB,(051) 8628 2215
Azevedo Moraes S/A,PA,+55 (081) 3843-9440
Santos S.A.,RJ,(081) 8721 3390
Alves,AP,+55 31 3484 7324
Viana Azevedo S/A,CE,+55 (084) 5197 0852
Santos,RO,(011) 0628 4536
Silveira,SC,21 9249 7516
da Mota Freitas - ME,DF,51 5850 6230
Cunha Ltda.,SP,81 0029-2237
Lima,TO,(084) 1353-8132
Farias,MG,+55 81 1878 1494
Ramos Costa - EI,ES,0500-586-2950
Carvalho,AM,+55 (084) 3993-2330
Correia - ME,AL,+55 (021) 9945 9015
Aragão,SC,+55 71 8075 3652
Novaes,ES,+55 71 9791 8087
Mendes Martins e Filhos,AM,61 2832 8676
das Neves - EI,AC,0300 178 3581
Cardoso,PI,+55 (051) 5724 4172
Rezende da Costa S/A,BA,(031) 0853 8539
Ribeiro,DF,41 5962-0322
Rezende,RR,+55 31 2843 8159
Barbosa Ltda.,RS,+55 (041) 2078 6554
Santos,AL,41 9582 4873
da Conceição - ME,AP,84 0523-5931
Pereira,PB,+55 (071) 9679-2903
Rodrigues,PI,+55 84 6087 0603
Costa,MG,+55 41 1680 6650
Barros Freitas - EI,MS,+55 31 7012 4535
Melo S.A.,DF,(071) 6767-3824
Almeida S/A,PI,31 8489 5942
Farias da Paz - ME,PR,41 0081-4034
Pereira Silva Ltda.,MA,+55 (081) 7737-7311
Gomes,RS,+55 (061) 4471-5997
Pires,PR,+55 61 1862-5169
Mendes,AP,21 1692 7395
da Rosa,AM,81 2739 3967
Barbosa - ME,RJ,(041) 9672-2716
Peixoto,AL,0800 430 8321
Almeida,SE,31 0309 0311
Pires da Mata S.A.,DF,(071) 0319 0437
da Mata Ltda.,PI,21 8563-1089
Oliveira,SE,0900 367 3776
da Cunha Mendes S/A,MG,31 8688-6307
Araújo Ramos S.A.,DF,+55 (031) 0398 4748
Gonçalves,PA,(051) 2102 2842
Jesus,MG,51 7095 5915
da Conceição e Filhos,SP,+55 (081) 8044 6745
Caldeira,AC,+55 (084) 3587-7446
Rezende Novaes Ltda.,SP,+55 21 5448 8766
Silva,AC,71 7188 4391
Rodrigues,AM,(084) 6782-3039
Ribeiro,MS,51 9210 0503
da Rosa,AC,21 1406 7076
Teixeira,ES,31 8078-4136
Azevedo - ME,RS,0800-095-6543
Silva,RR,+55 11 2838-7469
Aragão Moraes e Filhos,AM,(051) 9274-7552
Correia S/A,SP,(061) 9354-6201
da Conceição e Filhos,SC,(011) 1781-0064
Martins S.A.,RR,(041) 7051 1443
Alves Campos - EI,SE,(081) 1684 5732
da Mota,CE,(031) 2555 2287
Ferreira da Conceição Ltda.,PE,84 6057-8473
Sales Freitas - ME,RO,(021) 2878 4800
Nunes,AC,(031) 3498 5410
Moraes da Costa Ltda.,RN,(061) 2087 1242
Barbosa,MA,+55 21 0902-1687
Campos S/A,AL,+55 (081) 4431-4808
Pinto,RR,+55 84 2309 5986
Campos,PB,0800-471-2384
Peixoto,MS,+55 (041) 3340 0389
da Mata,SC,81 2802-3097
Nogueira - EI,TO,+55 41 0881 0268
Moura,RS,(051) 6189 6839
Nogueira,AL,21 0620-5328
Fogaça Araújo S.A.,MS,+55 (071) 5287 5474
da Paz,RJ,(021) 2247-9118
Alves Ltda.,RJ,61 3514-3679
Carvalho - ME,AM,0500 252 0278
Cardoso Silveira e Filhos,AC,(071) 3076 6510
Teixeira,PA,0300 778 5697
Duarte da Mota S.A.,RJ,84 2970-4351
da Cunha,AC,+55 (071) 7851 6461
Araújo,RR,(081) 0556-7780
Monteiro,AC,(021) 2941 5663
Novaes S/A,MA,+55 11 0527-3843
Pereira,MS,+55 81 5371-4472
da Rosa,PR,11 7619 5161
Campos e Filhos,DF,+55 11 4227-7833
Melo - ME,TO,84 5802-2816
Costa S/A,MA,+55 (081) 9002-1590
da Cruz - ME,MT,0900 694 5915
da Conceição Costa - ME,AM,+55 11 5219-4568
Cardoso,RR,71 1048 6582
Cavalcanti,RS,51 3377 3315
Vieira - ME,RR,+55 61 8466 0869
Azevedo,MS,(071) 3698 5434
Barbosa Ltda.,SP,41 6491 6836
Cardoso - EI,PE,+55 11 5982-3202
Mendes S/A,MA,+55 11 3562-9543
da Rosa,GO,81 1501 9069
da Mota S/A,RJ,0900 053 1114
Novaes Ltda.,MG,+55 71 6272-3777
Santos e Filhos,AC,81 8085-0271
da Conceição,AP,(061) 1153 5349
da Rocha S.A.,BA,+55 71 0237 3422
Porto Lima S/A,RR,81 5878-0215
Viana,AL,51 0945 3472
Peixoto - EI,DF,(071) 1955-8794
Campos,SP,+55 (084) 9680-1950
Moreira,PA,+55 81 6332-0671
da Mata,MG,31 3795 8407
Sales Vieira S.A.,SP,+55 41 0898 6815
Lima Teixeira S.A.,AP,84 6340 7617
da Mota Ltda.,RO,+55 (051) 5543 2704
Alves Cardoso Ltda.,AC,81 6931 8129
Cavalcanti - EI,TO,81 4413 7016
Cavalcanti da Mata - EI,PA,0800 082 1555
da Costa Barros S.A.,PR,51 7799 2051
Melo Peixoto - ME,ES,+55 41 5048-5752
Lima,GO,11 2240-4548
Pires,MS,71 3338 8586
Nunes,MG,+55 81 0319 8325
Moraes da Conceição - ME,DF,(051) 3375 4206
Araújo,DF,(051) 7724 1502
Viana,SP,+55 41 3456 9893
Mendes,GO,+55 84 1406 9424
Novaes,PR,(011) 0132-0205
Aragão Moreira Ltda.,GO,+55 51 8197 9310
Pereira Cunha S.A.,SP,(071) 3717 9901
Rodrigues,RN,+55 (051) 1361 3218
Nascimento,SP,+55 81 3989-3766
Carvalho S.A.,SP,+55 81 6482 7649
Nunes,PI,31 1962 0564
Ribeiro - EI,RS,(031) 9231 3598
Novaes S/A,SE,(084) 4067 9672
Novaes,SE,+55 (021) 0266 0810
Ribeiro,BA,61 1062 1606
da Rosa Ltda.,SE,0300 632 3391
Porto Rocha Ltda.,PR,81 8874-2648
das Neves,RJ,+55 (061) 2395-7098
Almeida - ME,MG,+55 (051) 0419 2921
Novaes e Filhos,RN,81 1451-4794
Cavalcanti,SC,+55 11 4492-8767
Santos Jesus - ME,TO,21 2759-9886
Costela S.A.,AP,+55 (051) 1172-5787
Porto,SC,51 1218 9010
Campos Rodrigues S.A.,RO,+55 (061) 1359 9015
da Paz,AP,+55 (021) 4638 1575
Ferreira Silveira S/A,RS,+55 21 8537-3301
Gomes Ltda.,AP,(061) 7957 4273
Castro Ramos - EI,MG,+55 (071) 5769-9517
Sales Rezende Ltda.,AM,+55 (021) 9355-1596
Barros,GO,(084) 4046 0550
Souza - ME,SP,+55 (061) 2101-3850
Moura,PI,(021) 0365-6855
Nogueira Nogueira - ME,AL,+55 84 7113-1199
da Rosa Ltda.,TO,81 5233 2144
Farias S.A.,DF,(051) 2575-4203
Costa - EI,TO,0900-049-9875
Rodrigues,SP,21 1073 9471
Duarte S.A.,CE,+55 (051) 4277 3868
da Costa,SP,+55 71 5309 2882
Cunha Monteiro S/A,TO,+55 21 3762-3203
Freitas da Rosa S.A.,PA,(071) 4176-1713
Pires - ME,GO,+55 (021) 0318 4103
da Rocha Silva - ME,AM,(041) 4972-6983
Silveira Ltda.,RN,51 6022 7402
Costa,MG,71 2192 2856
Rocha S.A.,AP,31 0320-6606
Castro,PR,+55 71 6893 2569
Moura,RS,(051) 4202 7274
Lopes - ME,AM,(071) 4022 7380
Pires - ME,AL,(011) 6108-1635
Cunha,RN,71 9887-6070
Peixoto - ME,AC,(071) 3384-1748
Correia Freitas S.A.,RO,+55 (061) 3927-4730
Barros,ES,+55 71 7526-9222
Jesus,RR,+55 61 0461 8052
Melo,CE,(011) 1530 2920
Dias,ES,51 2726 4801
Duarte,PE,+55 11 9164-6175
Alves,PB,0300-718-0533
Lopes,CE,+55 11 9548-4341
Lima Ltda.,MS,+55 21 2995-1891
Gonçalves,RJ,+55 (031) 8831 9940
Dias,RS,+55 (081) 9667 7074
da Mata S.A.,SC,84 3588-4354
Moraes - ME,TO,81 0439 9315
Cunha S.A.,AL,0300-381-9460
Fernandes,RJ,(051) 6471-8163
das Neves Ramos - EI,RS,(041) 2106-5426
da Rocha,MA,+55 51 9234 2849
Freitas Melo Ltda.,MS,(081) 9670 7894
Dias,TO,51 7358 8970
Moraes,SP,0800 097 7587
Araújo Sales - EI,CE,0800 693 4291
Teixeira Alves Ltda.,DF,(051) 6781-8645
Costa - ME,AM,+55 (084) 0134 2029
Fernandes,SE,0900-697-2498
Nascimento S/A,RJ,31 8927-6139
Ramos,RO,(041) 8198-1774
Gonçalves e Filhos,PR,41 8832-3887
Oliveira Pinto e Filhos,RN,+55 (041) 3219-0740
Almeida,SC,51 5985 9263
Araújo,MT,+55 (041) 8572-1312
Mendes,CE,+55 11 1949 2830
Pires,PA,+55 (041) 3536 5805
Correia,AM,(011) 5085-7923
Cardoso,GO,(084) 1141-4193
da Mata Moraes S/A,MG,(084) 1113-4959
Fernandes,BA,+55 (081) 3322-7766
Rodrigues,AM,+55 71 8333-4975
Cavalcanti,PI,11 2325 8479
Moreira,ES,41 0849 1344
Gomes Ltda.,AP,(021) 5857-9566
Lima Jesus Ltda.,DF,+55 21 7327-2848
Freitas Oliveira - EI,CE,+55 (071) 8009 1235
Nascimento,SC,(041) 0806-9457
Melo - ME,RR,(011) 7025 1650
Cardoso Moura S/A,TO,(061) 7557-8826
Mendes - EI,MG,+55 (031) 8564-3804
Ramos,RO,+55 51 9248 5750
Dias,SP,+55 84 0709-9297
Fogaça,SE,71 8802 3843
Moreira,TO,(061) 6749 0003
Duarte Vieira - EI,MA,(021) 0130 3193
da Cunha,PR,+55 31 9142 8557
Carvalho Novaes S.A.,MG,41 3303-9193
Moraes,PI,(021) 8835-5140
Rocha,PI,0800-736-6041
Cunha,PA,71 3336-7444
Moraes e Filhos,SE,(031) 5641-8882
da Rocha,AL,+55 (071) 1121 7380
Silveira,RS,+55 51 3826 0562
Lima,RN,+55 41 3866-9031
Jesus Cardoso S/A,MG,81 8705 4140
Mendes e Filhos,PE,+55 81 4432-1751
Oliveira,GO,+55 (051) 5555-7686
Lopes S.A.,PE,+55 (041) 1228-0023
Cunha,RO,+55 (061) 0241 2327
Caldeira Pereira - EI,MT,(061) 7993 2577
Sales,TO,+55 51 6648 3363
Fernandes S/A,SP,61 3203 1252
Costa da Luz - ME,DF,31 6730-8976
Melo,MA,(031) 8107-6443
Caldeira,TO,+55 (011) 3890 1667
Cavalcanti,BA,31 6343-5556
Cardoso,SC,(084) 9227-6269
Duarte,RO,(061) 3915-3974
Silveira,GO,81 2118 9827
Jesus,TO,+55 (021) 0838-9387
Lima,SP,0800 309 7334
Moreira - EI,DF,+55 71 5306-0851
Fogaça,PE,0300 408 1925
das Neves,BA,51 4048 7086
Oliveira,PI,(081) 4994 5377
Campos,AC,+55 21 6166 0506
Lopes - EI,AP,61 4608-1858
Martins,RN,84 0769 7312
Silveira Costela - EI,GO,+55 84 7381 0378
Silva,PI,+55 84 5637-9365
Araújo Dias e Filhos,TO,31 2342 7205
da Luz,RN,0300 660 6204
da Mata,RO,61 1062-5061
da Conceição,SE,51 8489 6674
Monteiro Rocha S.A.,AP,+55 (041) 6794 9144
da Mata Nunes S.A.,MA,+55 41 0897 3918
Jesus,RS,+55 84 6187 9197
Moraes,ES,+55 (011) 2887 7135
Moreira e Filhos,PR,51 6765 5216
da Cruz Sales S.A.,PI,+55 71 1230 6090
Fogaça,AC,+55 84 3886-4718
Silva Cavalcanti S/A,AL,+55 81 0159 4804
Lima e Filhos,PR,+55 (081) 9753-7767
Martins Rodrigues e Filhos,ES,+55 11 3900-4853
Novaes Caldeira Ltda.,MA,31 7491 4091
Costa Oliveira S/A,MS,+55 (071) 2011 0798
Silva Ramos - ME,PA,+55 41 4301-6082
da Paz,SE,+55 21 7896-3683
Souza,PE,(041) 2341-3245
Martins,ES,+55 (041) 5259 6023
da Paz Cardoso S/A,SC,(011) 6668 7165
Moreira,PR,0900 678 0786
Cunha Ltda.,BA,(071) 7558 2405
Gonçalves,PE,0500 256 8539
Correia,MT,(021) 9693-0276
Barros e Filhos,TO,+55 (061) 5724-4184
Farias Freitas e Filhos,PB,61 3737-9447
Novaes,ES,+55 84 8386-4650
Castro - EI,TO,+55 41 4003-2465
da Rosa Pinto e Filhos,AC,(041) 7590-7129
Rodrigues - EI,BA,0300-650-4032
Cavalcanti,BA,+55 (021) 6929 3231
Oliveira - ME,RJ,41 2473 6535
Caldeira,PR,84 2892 3851
da Mata,PE,0900-405-7529
Moura - ME,CE,+55 84 3301 6580
Correia,RS,0300-009-9266
Martins Cardoso Ltda.,MS,(051) 2490-4760
Rodrigues,MS,0800 069 1042
da Luz,PB,(081) 5109 7439
Souza - ME,DF,(071) 9478 9173
Dias Peixoto - ME,AC,(041) 8966-3605
Cardoso e Filhos,PA,+55 (031) 7701-3722
Fernandes S/A,CE,+55 11 0686 2467
Caldeira,AP,61 8869 7584
Cunha Ltda.,BA,(041) 4121 2315
Gomes Rezende - ME,ES,+55 31 9115 7782
Costa,MA,(041) 1596-6788
Peixoto e Filhos,MS,+55 (084) 8995 4282
da Rocha Ltda.,MT,+55 61 3003-5959
Santos,MA,(081) 1147-9517
Costela,AL,(061) 5413-0692
Teixeira,RR,(021) 2787-1129
Pires S.A.,AC,+55 (031) 3910 3540
da Mota S/A,SC,+55 (081) 5301-4726
Teixeira,AP,+55 (011) 9752 8901
Cardoso Oliveira S/A,MS,+55 (061) 9188 4367
Carvalho Aragão - EI,RN,(011) 3382-5190
Aragão Freitas - ME,PA,+55 (051) 2267-0734
Pinto,RN,(061) 9893-4024
Correia,PB,0500-687-3843
Rodrigues e Filhos,RO,0300 379 2810
Freitas,MS,+55 71 1863-7182
Lima,PB,+55 (081) 2245 9209
Carvalho,RO,31 7233 8891
da Mota,DF,+55 (081) 3602 9747
Melo - EI,MT,(071) 4466 4435
Ribeiro,GO,+55 51 4680 5983
Silveira - ME,RO,41 6039-8274
Araújo S.A.,PA,41 9542 1920
Silva e Filhos,AL,51 7004 1347
Melo Jesus - EI,PI,(081) 8002-2280
Peixoto,GO,+55 41 7289-3815
Pires,TO,81 0840 3539
Pinto Ltda.,MA,(011) 5506 0604
Farias,MT,+55 (061) 7265 5836
Rodrigues,MG,+55 11 5272-2899
Almeida S.A.,ES,+55 41 4269 7149
da Paz Nogueira e Filhos,SC,+55 84 7479 7506
Castro - EI,ES,+55 (071) 1811-2219
Ramos Ltda.,PB,84 5431 1681
Viana,RJ,(084) 0891-6545
Mendes,MG,(081) 6880 4795
Monteiro,AP,(011) 8849-4309
Santos,AC,+55 81 7075 7644
Campos Farias S.A.,DF,(084) 8780-4941
Cardoso S/A,PA,(031) 5812 2516
da Rocha,PA,84 1922-4631
Nascimento,SC,0800-986-0429
Mendes,MT,(084) 4353 9523
da Cunha,PE,+55 21 6240 1001
Porto Duarte S/A,BA,+55 61 1220-1672
Melo e Filhos,DF,+55 11 0291-5995
da Paz - EI,TO,+55 (061) 3187 6370
Novaes,RS,31 8073-8164
Moura Ltda.,MS,(081) 1906-4720
Melo,MA,+55 61 2646 4937
Gonçalves,PE,+55 81 7491 4082
Santos e Filhos,PA,51 9791 6440
das Neves,MS,(041) 0158-7156
Rocha da Cruz e Filhos,GO,(041) 5857 8575
Duarte,AM,+55 (084) 8889 6913
Castro - ME,RJ,+55 61 1755-1411
Oliveira,PE,84 9084 9641
Rodrigues,MS,+55 11 2819-6028
da Cunha,PR,0300-923-1146
Monteiro,RO,51 9887 2698
Alves,AC,0300-396-8803
Rodrigues,TO,(031) 4682-0235
Mendes,RO,(071) 2042-7757
da Luz,AL,+55 21 9983 5297
da Conceição,SE,84 3171 0232
da Costa,MA,+55 71 5873-7008
da Cunha Barbosa S/A,BA,(031) 9645-9146
Azevedo - ME,SC,+55 61 0281 1201
Cavalcanti Ltda.,MG,+55 (021) 8837-6719
Peixoto Vieira S/A,GO,+55 (061) 1452-4511
Moura,RR,+55 81 5742-3345
Nascimento - ME,AP,+55 (051) 5115 2082
Gomes Porto e Filhos,MG,+55 31 7107-7257
Castro e Filhos,ES,(084) 5094-2162
Dias - EI,MA,+55 21 1009 6284
Costa - ME,PI,81 2151 4610
Cavalcanti,AC,(021) 6717-3449
Alves Ltda.,PR,(011) 4889-0198
da Rosa,RN,(011) 0540 7811
Pires Moraes S/A,RN,(081) 9891-5293
da Paz,PA,84 7798 2591
Rezende,PR,0300-207-7098
Oliveira Ramos e Filhos,AM,(041) 7463 3631
Pinto,ES,71 6251 4087
Moura Pires - ME,RJ,+55 51 4189 2739
Novaes,ES,(031) 9660 6788
Porto,BA,+55 (061) 0834 2152
Freitas e Filhos,BA,(031) 3230 6341
Cunha da Mota Ltda.,PB,84 3015 7390
Almeida Farias S.A.,RS,(071) 2030 9574
Martins,AL,0300 102 5633
Fernandes,DF,(081) 6087 2647
Vieira,PE,0900-920-1125
Nascimento,RO,21 1491 6496
Moreira Ltda.,SP,+55 (041) 6642-0921
Teixeira Barros Ltda.,MT,81 3730 0220
Ramos,SP,+55 81 8685-6922
Cunha - ME,MT,+55 11 0150 6249
Farias,BA,61 7335 2699
Gomes S.A.,PI,0500-524-9976
Alves Mendes S.A.,PR,(011) 3318 4428
Ribeiro Almeida e Filhos,GO,+55 51 7629 5287
Vieira,PE,+55 (084) 7463-7204
Melo Teixeira S.A.,MA,(061) 4422 8230
Ribeiro Barros S/A,MG,(084) 2977-3339
Gonçalves,AL,0800 667 9112
Barbosa,PR,+55 (081) 7328 4951
Rocha Costela S/A,MA,(081) 1813 5968
da Mata,DF,+55 41 7669 9318
Cardoso,MS,+55 (084) 9677 0754
Duarte,RR,0800 462 7693
Campos Novaes S/A,AC,0800-068-4104
Cardoso,BA,+55 (011) 3462-4491
Costela,PE,(011) 3014 2082
Teixeira Ltda.,RS,21 9855-7843
Pires - EI,MG,+55 (041) 4144-1314
Gomes e Filhos,PB,(031) 8252 2545
da Rosa,PB,31 7138-9258
Souza Correia Ltda.,RR,(021) 4126 6896
Castro Rocha Ltda.,CE,61 6569 9715
Martins S/A,MA,31 4656-0017
Almeida,PE,(041) 8594-9930
Melo S.A.,PB,(011) 5137-3969
Ferreira,RR,0300-746-7950
Caldeira e Filhos,SC,0800 909 1550
Vieira,ES,0300 395 3613
Cavalcanti,MT,+55 81 8747-4441
Martins,MT,+55 (071) 9950 6025
Novaes Peixoto - ME,RO,11 1068-9657
Almeida da Luz - EI,RO,(021) 5122-0271
Correia,AM,+55 84 7880-9453
Azevedo da Cunha - EI,PA,(011) 2631 7181
Barros Ltda.,MA,+55 21 2308 4531
Barbosa,RR,(021) 0784 8364
da Costa Oliveira S.A.,MS,+55 71 7048-7009
Pinto da Mata - ME,SP,+55 (071) 0116 4481
da Rocha da Mata - ME,BA,0300-229-6673
da Mota Gonçalves Ltda.,DF,+55 (084) 3167-5817
Nunes e Filhos,MS,+55 84 7686 7618
Moraes Gonçalves S.A.,GO,0500 232 4940
Gomes S.A.,PA,+55 84 6230-6512
da Cunha S.A.,ES,(021) 7901-6907
da Costa Ribeiro S.A.,RR,+55 (061) 6703-0183
Duarte Costa S/A,RO,+55 (011) 2988-3237
Caldeira Ltda.,PA,+55 (084) 5158 2256
Barbosa - ME,AL,+55 (011) 9919-3606
da Costa Silveira S/A,RR,+55 41 6470 9100
da Cruz S/A,AP,+55 (011) 9665-2789
Nascimento e Filhos,AP,(021) 8587 2615
Rezende Nogueira Ltda.,SE,+55 84 5142 1373
Azevedo Ferreira - ME,AP,0900-458-9135
Monteiro S/A,CE,(041) 3938 5138
Costela,DF,+55 (041) 2274-2916
Rezende,SP,+55 21 8632 2953
Cardoso Nogueira S/A,PI,+55 11 6122-8853
Cunha Barbosa S.A.,TO,+55 51 0215 9426
Rocha Dias S.A.,RJ,(011) 7747 3965
Rocha Sales S/A,DF,(011) 2100-7714
Almeida Duarte - ME,SP,+55 71 8008 0125
Cunha,AL,81 9182 6313
Castro,BA,(071) 8038-6606
Carvalho,AC,+55 51 8045 6612
Pires Oliveira S.A.,PE,84 1677 9732
Nunes,MT,31 7313 2489
da Cruz e Filhos,GO,+55 51 6133 9089
Rocha,SP,+55 61 4660-9841
da Rosa,RS,+55 (071) 4901 9997
da Conceição Cardoso Ltda.,MS,(011) 6367-1350
da Mata,TO,0900 689 0356
Araújo,TO,+55 71 4459 9593
da Mata Silveira S/A,RS,+55 31 2206 0946
Alves - EI,MG,84 4333-7777
da Cruz e Filhos,RS,+55 61 3842 7478
Nascimento Ltda.,RN,41 7457 6239
Silveira,SE,(011) 2578 1616
Fogaça - EI,CE,21 4733 4517
Pires,MG,31 1989 2056
Araújo,PR,(031) 4617 2949
Barros Azevedo - EI,PA,(041) 2690-8364
da Cruz Nogueira S/A,MT,+55 41 4215-1361
Alves Caldeira - EI,TO,(011) 2592 4256
Moreira,MT,(021) 5610 4532
Cavalcanti Almeida S.A.,PR,+55 41 5143-1357
Moraes,DF,+55 71 8444-4520
Martins S/A,BA,(071) 0890-8435
Nascimento e Filhos,PA,51 9679 5607
Monteiro,MG,+55 (084) 3214 0024
Fernandes Gomes S/A,AC,0800 644 3087
Costa Ltda.,AP,84 1987 3428
Lima,AP,71 5518 5006
Barbosa,PA,(051) 5612-2264
Campos Ribeiro e Filhos,RO,84 4264 6347
Novaes,AL,(011) 3426 6420
Pires,PA,+55 61 7782 9345
Fogaça Rocha - EI,PA,84 1203-0441
Barbosa,RS,+55 61 9825 1571
Nogueira - ME,PE,51 4027 0162
Sales,MS,(051) 1987 8101
Rocha Porto S/A,MA,41 6278 3026
da Cunha,GO,+55 (041) 1085 0759
Sales,RO,+55 (084) 7581 4741
Peixoto da Rosa - EI,PE,+55 31 3192 8160
Pires,PA,21 8246-3544
Lopes e Filhos,PE,+55 (021) 3525 1120
Dias S/A,MG,71 6588 3496
Rodrigues,MA,+55 (021) 6410 9654
Costela,DF,+55 (081) 0400 3443
Rocha Cardoso e Filhos,RJ,0900 451 2164
Almeida,AP,+55 84 0894 7588
da Conceição - ME,DF,+55 51 3052 0644
Pereira,AP,+55 (081) 4419-4178
Cardoso,SP,+55 (084) 1614 4550
da Luz S/A,RO,(081) 2733 5404
Caldeira S/A,GO,+55 (071) 8736 1010
Dias,ES,+55 (061) 6527 0054
Silva,RS,+55 (084) 9498 7585
Cunha e Filhos,RS,(011) 0994-5974
Aragão,AC,(084) 7635 5352
Ramos,PR,+55 (051) 5512 2564
da Rosa,MG,+55 (021) 8761 7484
Castro,PB,+55 (071) 6222 7280
Pereira,RN,+55 84 6296-6498
Nunes Ltda.,CE,+55 11 6123 9029
Rocha,CE,(031) 3451-7162
Ramos Vieira - EI,SE,+55 51 5671 6402
Nogueira,AC,(081) 8914-6743
da Cruz - ME,AM,71 8908-5131
da Cunha,PB,(041) 6326-1174
da Paz,SE,+55 (071) 4485-6885
da Mota,RS,+55 (061) 6327-0407
da Cruz,SP,31 7880 1565
da Paz,MG,(051) 8278 9176
Nascimento Cardoso S/A,PE,81 9731-7319
Costa da Cunha S.A.,ES,+55 84 6531-6969
Novaes,MA,41 0379-9608
da Cruz,SE,0500 236 8286
Pires Ltda.,AC,84 9955-7276
Pereira,RO,+55 (061) 1654 5360
Martins S.A.,RR,+55 (021) 9248-4096
Silva Ltda.,RR,+55 84 4481 3296
Silva,RJ,+55 (041) 1798-4908
da Costa S.A.,SC,+55 (071) 2074 1546
da Mata,RN,(071) 5642-1802
da Cruz S.A.,MG,71 4053 6640
Costela,SE,+55 71 0298 9408
Castro e Filhos,AL,+55 81 4171 2302
da Costa - EI,SP,+55 (031) 4013 9341
Pereira,BA,(081) 0824-8366
da Rocha S/A,RO,0500 520 5658
da Rocha,CE,+55 (021) 8169-3628
Moraes,CE,(084) 0108 4653
Rocha,SP,11 4928 4670
Silveira,BA,(011) 9282 7969
Moura e Filhos,MS,81 6571 3021
da Conceição,TO,+55 (051) 8356-7004
Dias Novaes e Filhos,TO,(021) 2565 7399
Teixeira,MA,+55 81 6040-1010
Almeida - ME,SE,+55 11 8921-6997
Cardoso Araújo Ltda.,RS,+55 41 7618-3673
Porto,CE,+55 (061) 0444-6200
Alves,RR,51 6794 4152
Ramos - ME,MS,(021) 1945-8521
Costa S.A.,RR,+55 21 7799 3226
Costela,PE,71 7388 6615
Ferreira,AC,71 9569-1876
Moraes,PE,+55 (051) 3171 7758
Nogueira,MG,+55 51 5393 7041
Moura - EI,MS,(081) 3341-5518
da Mota,MG,+55 (071) 0000 9976
Fogaça,RO,+55 71 6292 1940
da Conceição e Filhos,SP,+55 (071) 5904-6985
Peixoto - EI,RO,84 8659-9077
Gonçalves Ribeiro e Filhos,DF,(041) 8041 3927
Rocha da Rocha S/A,PA,+55 41 1468 7028
Gonçalves,SE,+55 (071) 8512 5135
Cunha,SE,+55 (031) 5997-2573
Porto - EI,CE,(061) 5864 7787
Santos S/A,BA,+55 84 9237 2381
da Cruz Ltda.,MA,+55 84 0946 6721
Cunha Peixoto e Filhos,RN,(081) 8658-8301
Peixoto,ES,51 3934 4956
Castro Ltda.,DF,+55 (071) 3598 9681
Sales da Paz - ME,PR,81 2543 3211
Monteiro,PR,51 3835 6927
Melo S/A,ES,+55 (071) 7099 3632
Ribeiro,DF,+55 (084) 6758 1954
Gonçalves,RJ,(084) 2785 0933
Freitas Pereira S.A.,PI,+55 (061) 8846-1513
Nogueira S/A,MT,51 1217 3187
Melo Moraes Ltda.,AC,0900-070-7808
Rocha,PB,0300 715 7791
Pereira,SC,+55 (061) 9821 1620
Sales,MT,(041) 8499-3511
Costa,RN,+55 61 7960-1245
Nunes,RN,(041) 5142-8175
Lopes,MA,(084) 3271 4337
Martins - EI,PI,+55 11 7476-6386
Gonçalves Alves - EI,MS,+55 (084) 3964-1509
Gonçalves S.A.,GO,51 3785 3928
Cardoso,AP,+55 81 1382-4990
Campos,SP,41 8452-1242
Dias Santos S.A.,AC,41 5134-7608
da Rocha,AM,+55 21 9311 6525
Moreira,RN,51 8273 8839
Caldeira e Filhos,AP,+55 21 3592 1015
Azevedo,MS,+55 61 6838 3057
Alves,PI,84 2716 5272
Nogueira,SE,61 2420 1799
Rezende,BA,+55 51 7374 7444
Lopes,AP,0300-426-0184
Duarte,RN,+55 21 4981-5691
Carvalho,GO,(021) 7374-3734
Moraes,PA,51 4807 8657
Jesus,MT,(021) 7598-4776
Moraes,MG,+55 81 7547 9908
da Mota e Filhos,CE,+55 (071) 3677 4208
Costa S.A.,RO,31 8340-7423
Gonçalves,TO,+55 (084) 2827-5966
Azevedo S.A.,TO,+55 81 9247-3487
Cunha Nogueira - EI,RS,0800-322-0369
Moreira,PA,+55 61 0917-5829
da Mata,CE,+55 71 7834-1467
Araújo e Filhos,GO,81 3670 0862
Campos,TO,21 9520-8832
Campos,SE,+55 (081) 4155-5959
Farias e Filhos,TO,+55 (084) 0662-8933
Martins,SE,+55 (031) 3377 2826
Araújo,SE,(011) 4965 3738
da Rosa,PA,(061) 0242 6519
Araújo,RN,+55 51 1384 4474
Teixeira Ramos - ME,MS,0500-150-9930
da Mota,PB,+55 (051) 2675 9519
da Luz S/A,PB,(051) 9227-2019
Moura,BA,0300-615-3014
Moura da Mota S/A,MA,(041) 8778 6856
das Neves S/A,TO,81 6753 4989
Melo Cardoso Ltda.,PR,41 0852 5215
Ferreira,RR,+55 81 8264 5852
Oliveira - EI,PI,+55 61 8315 2672
Correia,RS,(051) 6019-5911
Fogaça,AL,+55 (061) 5115 6776
Nunes Ltda.,AM,+55 (021) 8051-5486
da Rosa - ME,CE,(081) 2359 4726
Azevedo S/A,AC,+55 (071) 0943 4249
Costela,MS,(081) 3031-2264
Nunes Ltda.,DF,(071) 6516-8895
Viana,AC,+55 41 1439 8671
Santos Aragão e Filhos,SP,0300 597 4619
da Mota Moraes - EI,RS,(084) 2014-3099
Duarte Gomes S.A.,BA,+55 41 5294 6944
Oliveira Porto e Filhos,MA,+55 11 7722 8327
Rodrigues Azevedo e Filhos,ES,0800-012-2000
da Paz Moura - EI,PA,+55 (071) 4855 8614
Teixeira Mendes Ltda.,PR,+55 84 7820-5749
Alves,PR,0800-681-0753
Araújo Almeida Ltda.,RJ,0900-871-7373
Rocha Cunha S/A,AM,21 9799-8176
Novaes Silva S/A,TO,(031) 3844-4476
da Rocha,SE,+55 81 6490 8678
Campos,AP,+55 (084) 4815 8146
Gomes S.A.,PR,0300 792 6340
da Costa,MA,+55 (011) 3473 9513
Alves,PE,0500-975-5270
Sales Ltda.,PR,+55 (084) 2309-4791
Azevedo,DF,+55 (031) 8318 2460
Carvalho,MT,+55 (011) 8251 3489
Gomes,PA,0300-579-3132
Moura,AC,71 4752-0457
Lopes S.A.,PB,0900-237-7234
Ferreira,SE,21 7616-2006
Melo,AC,+55 84 8316-1690
Mendes Lima S.A.,ES,(084) 8794-0660
Correia - EI,AC,+55 (011) 9286-1351
Castro,AM,+55 21 5445 2619
Nunes,AP,0800-164-4754
Ribeiro Ltda.,RO,61 8622 3915
da Luz S/A,SC,+55 81 1582-2877
Caldeira e Filhos,RO,+55 (021) 5285-8479
Peixoto,SC,0500-781-1777
Carvalho,PR,61 3212 3021
Pereira,PA,(071) 9413-8701
Barros,MG,+55 84 4504 9835
Nogueira - ME,GO,+55 31 2216 4610
da Costa Fernandes - EI,SC,61 8525 5776
Ferreira,SP,+55 11 2759-9125
Caldeira S/A,MA,0800 166 5845
Duarte S/A,AL,+55 (031) 5636 2197
Costela,SC,+55 61 6133-9895
Barbosa,MG,+55 (084) 3342 8202
Correia,SP,+55 21 0553 9400
Martins,PA,+55 61 8544 5735
Gonçalves Ltda.,MT,+55 (021) 1135 2088
Almeida da Rosa e Filhos,RR,(071) 3687 2856
Silva,PE,(071) 2948 5879
Ferreira Fernandes S.A.,RR,+55 41 1756 8304
Ferreira,SC,+55 71 1043-2883
Nunes,PA,(011) 5486-2809
Freitas,RS,+55 (011) 5737-7604
Vieira,RS,41 2167 7629
Gomes,PR,(031) 8797 6155
Melo Monteiro S/A,AP,+55 (071) 5933-8584
da Luz Nascimento Ltda.,PI,+55 (031) 3976 5873
da Conceição S.A.,AC,(041) 1247 2546
da Paz,MT,+55 11 9809 2943
Jesus,ES,+55 (061) 0306 7894
da Mata,PI,(071) 0248 1721
Santos,PR,0900 192 0687
Nunes e Filhos,GO,31 6873 0354
da Rocha S.A.,GO,+55 (061) 3859-2301
Nogueira Araújo - ME,RO,+55 84 7390-6180
Cardoso Cardoso - EI,RO,+55 21 3464-6526
Ribeiro S/A,AC,(041) 5822-1697
Alves,MA,(071) 7350-2962
Nascimento,ES,84 1027-3877
da Mota - ME,BA,(041) 2237-1088
Carvalho - EI,SE,+55 (061) 8184 1598
Dias e Filhos,RR,(061) 4554-0059
Almeida S.A.,BA,11 1264-0187
Vieira Rezende Ltda.,SP,81 2140 0304
das Neves,AM,(071) 9383 6820
Caldeira - EI,MA,+55 (081) 7179 9966
Moraes,PE,(071) 4262-2009
Viana,PA,84 5598 7716
da Cunha,RN,+55 (021) 9314-3715
Nascimento,SP,+55 (041) 1422 8567
Viana Ribeiro Ltda.,RJ,+55 51 2488 2000
Dias S.A.,PE,+55 21 6008 6585
Araújo,RN,(031) 2969 2900
Aragão e Filhos,ES,+55 81 8467 9690
da Mota,CE,+55 (061) 9507 2537
Alves,AC,+55 61 3979 3342
Ribeiro Cardoso e Filhos,AL,(071) 8830-6027
Peixoto Ltda.,RO,+55 21 4544 4174
das Neves S/A,AC,+55 (081) 1535-8700
Santos,AM,81 1587 6340
Sales,AM,+55 (031) 0195 9467
da Mata,CE,41 5418 7549
Caldeira,MT,21 4056-0714
Souza,RR,84 7644 7417
Farias,AC,11 5384-9072
da Mota e Filhos,CE,(041) 4316-5890
da Cruz,RJ,71 4477-9524
Costa Duarte S.A.,SC,(011) 9426 1458
da Rocha Cavalcanti Ltda.,MG,(061) 9990 3993
Correia,BA,+55 (061) 6818-4418
da Cruz e Filhos,AL,0300-539-3341
Silveira S.A.,RJ,81 1882 9087
Ribeiro Araújo e Filhos,SE,+55 (071) 9438 6039
Costela,SE,+55 (061) 0853 4622
Melo,PR,(081) 0703-8156
Fogaça,MS,+55 31 3601-8640
Porto Silveira S.A.,RR,+55 (061) 3749-2558
Freitas Ltda.,MT,(031) 0389-9205
Moreira,BA,41 2236 0477
Rezende S.A.,PR,0500 115 9672
Martins,RJ,+55 (084) 0169-2913
Jesus,AP,+55 (041) 4855 6396
da Mata Ramos e Filhos,TO,51 6619 3072
da Rosa - ME,RN,31 1682-9485
Monteiro,AP,(011) 2494-0670
Nascimento S.A.,AP,+55 (051) 1101-1301
Azevedo,SP,(071) 8869-7946
Cardoso S.A.,PB,(084) 9908 9958
Souza Ltda.,RS,+55 31 2110 2447
Novaes Cavalcanti - EI,DF,+55 (011) 5783 5734
Melo,AP,+55 (031) 9304-2916
Aragão,RR,(031) 9108 2422
Silva,AL,0500 679 5369
Teixeira,RN,51 3279 8733
Porto Teixeira e Filhos,PA,(041) 4834-7247
Ribeiro S/A,RS,+55 51 7315 3804
Martins Ltda.,TO,+55 81 8598 3146
da Costa,RJ,(084) 9507-6077
Costa Nascimento e Filhos,GO,(021) 8313-7802
da Rosa S/A,RS,+55 (051) 7198-6409
Souza S/A,RS,+55 (051) 5810-1093
Cunha,MT,+55 (031) 1210 7412
da Mata,RS,71 1260 4748
Almeida S.A.,ES,+55 (021) 0788 2297
Cardoso Mendes S/A,AP,+55 61 2020 9191
Ribeiro,CE,+55 (081) 4316 0223
Barbosa Moura S.A.,PA,61 7464-0791
Porto,RO,(031) 0243 5225
Martins,PI,(071) 4838-4769
Costa,RJ,+55 71 6537 2299
Melo,ES,81 6161-9600
Sales,PB,+55 (071) 0953 9505
Moreira,MT,(081) 9253 1839
Sales Ltda.,PB,+55 (061) 8146 7945
Cardoso,PI,51 2830 5432
Barbosa Pinto - ME,PI,+55 84 9043-5677
Moura,RO,51 3740 4656
Farias Lima - EI,RS,+55 (041) 1987 6945
Carvalho,AL,+55 (071) 0420 3759
Lopes,AL,+55 61 5544-4810
Silveira,MT,+55 (061) 2159 1870
Rodrigues,SE,+55 41 2532-2846
Gonçalves,BA,51 5725 0905
Gomes,MT,+55 41 8592-7709
Rezende - ME,MG,0900-944-5685
Alves,GO,(041) 6326 5614
Moraes,TO,+55 (084) 5351-3560
da Rocha S.A.,ES,(051) 7752 3561
Peixoto,MS,+55 51 9637 8803
Fogaça,MT,+55 84 5805 7840
Silva,BA,41 8437-0828
Barbosa,SC,+55 (011) 8089-8537
Cunha,AL,(021) 9498 3615
Rezende,PB,(051) 6620-9571
da Cruz,AM,21 1964-8714
Souza,TO,0800-955-3044
da Rocha - EI,GO,41 5129-2325
da Cunha Costela - EI,RJ,11 3341 3685
da Paz Jesus S.A.,AM,+55 71 6917 9324
Pires S.A.,PI,0800 549 6517
da Cunha Dias e Filhos,ES,31 5528 3903
Dias,PB,(011) 2612 9078
Ferreira Correia Ltda.,MT,+55 (041) 8350 4220
Souza Cavalcanti - ME,PA,51 1474 5653
Costela Silva Ltda.,PE,0800-627-4779
Peixoto,RN,+55 81 3169-4180
Silveira,PA,+55 (021) 3304 5727
Cardoso Gonçalves S/A,AP,+55 (071) 6582-1516
Lopes,DF,+55 (061) 3973 3582
Vieira e Filhos,AM,(021) 3972 6847
da Mata,RR,+55 71 7209-4825
Castro Ltda.,PA,+55 (084) 9792-6087
da Costa da Cunha S.A.,PE,(021) 8151 2454
Souza,AC,41 9064 5909
Farias - EI,MG,(081) 7062-1357
Silveira,MS,+55 81 4139 9293
Viana Moreira S/A,ES,+55 31 0773-4165
Pereira Silva - ME,AL,51 0781 4800
Mendes,SP,(031) 4571-4353
Nogueira,SP,+55 84 5119-8347
Rocha,ES,+55 51 5804 1921
Araújo,SC,51 8522 0435
Ferreira e Filhos,AC,(071) 3606-0428
da Mota,AL,(031) 0269 9429
Araújo,MS,+55 71 2437 3728
Oliveira,RN,+55 (041) 6698-3462
Ribeiro,PE,11 5405 7021
Rezende Rocha S.A.,RS,+55 (041) 7292-0924
Mendes Lopes e Filhos,PA,41 3694 1842
Nogueira S.A.,AP,21 1060-3521
da Paz Nunes - EI,SP,+55 (031) 3512 3062
Teixeira,PB,84 1031 4440
Rezende,SP,+55 51 4701 3824
Cunha,SE,+55 (051) 8806-0769
Pereira,BA,11 1402-4625
Gomes - EI,ES,+55 84 0459-2532
Fernandes Almeida - EI,DF,+55 (031) 1751 8122
Cavalcanti,PB,(051) 9785 2511
Gomes,SE,+55 71 6802 9165
Rezende Vieira Ltda.,ES,(011) 8140-5938
da Conceição Farias - EI,TO,11 3735 4515
Ribeiro Pires e Filhos,MA,+55 (084) 4554-2222
Ramos,CE,(081) 4645-2931
Souza,RN,+55 71 8324-0218
Carvalho,TO,84 7676-4061
Melo,DF,(051) 1592 6359
Viana,MT,+55 11 5605 8771
Moraes Ltda.,RR,0900 255 0266
da Mata,BA,31 8714 6923
Ferreira Duarte Ltda.,SE,+55 51 8856 3280
Caldeira,PA,+55 (051) 4038-5361
Souza - ME,RN,(081) 6541 3145
Freitas e Filhos,AP,+55 (051) 3197-1029
Barros Aragão - ME,BA,(041) 8478-7838
Jesus,MS,11 6457-8185
da Mata e Filhos,AL,+55 (041) 4065 0483
Barbosa - EI,TO,+55 (081) 7494-8084
Duarte S/A,CE,(061) 7314 0541
Mendes,MS,0500-830-9028
Costela - EI,SC,11 1492-2735
Sales S/A,RO,21 1380 0334
Rodrigues - EI,MA,(071) 9896-0670
Gonçalves,MA,(084) 6628 9485
Barros,RS,(021) 7217-9314
Rodrigues Oliveira e Filhos,SE,61 2569 3855
Farias,CE,81 7367 7710
Vieira,SP,(084) 0399 9977
Santos S.A.,AP,0900 071 6291
da Mota Ltda.,TO,(081) 3458 9307
Moraes e Filhos,SP,71 6265-3039
da Rosa,MT,41 0497 3424
Nunes,TO,0300-129-1540
Cavalcanti Vieira e Filhos,MG,+55 21 9295-9427
da Rosa Azevedo S/A,SC,+55 71 8050-2411
Moraes,MT,+55 51 9959 3939
Porto Moraes Ltda.,RR,+55 (021) 2319 9695
Alves,SP,+55 (061) 4601 3602
Martins,RJ,+55 21 5581-6720
Gomes,MS,+55 (071) 8947-7166
Silveira Pereira - EI,RO,31 2496 3766
Costa,PA,0500-856-6678
Mendes Barbosa - ME,PR,+55 31 9176-7180
Moreira,TO,+55 41 9763-0854
Cunha - ME,RS,(021) 1631 9023
Ribeiro Ltda.,PI,+55 (081) 6614 9558
Moreira,ES,+55 31 5306 1438
Teixeira,RN,+55 (031) 8552 2130
Azevedo,RR,0300-832-3412
Rodrigues,MT,51 1949 0962
da Rosa,MA,(081) 4391-0529
Cavalcanti,MG,+55 (021) 7050-7330
da Mota,DF,(061) 5177-0431
Rezende,PA,51 0989 7463
Silveira,AC,0500-866-1116
Vieira,RR,21 0333 1013
Ramos,AM,(084) 0300-2125
Novaes,AL,+55 41 9045-7391
Caldeira Cunha S/A,TO,+55 51 1730 8758
Novaes,MS,(031) 6578-8683
Nascimento,TO,+55 (011) 0057 4554
Rocha,AC,(031) 5056 6555
Gonçalves Ltda.,TO,+55 (081) 2082-5828
Azevedo,SP,0300-096-4320
Ferreira - EI,AC,+55 (051) 0906 8101
da Cunha,SC,(011) 4873-4840
da Cruz,RO,(041) 6726-6968
Oliveira Gomes - EI,DF,11 5874 8584
da Rocha,PE,+55 84 7470 8870
Ramos,SE,(071) 5304-2809
Aragão,TO,71 5593 5411
Cardoso,BA,+55 (084) 1769 1433
Mendes e Filhos,SC,+55 (011) 0672-0895
Monteiro,BA,+55 (051) 6112-2375
da Costa,RS,+55 (071) 7851 7083
Lopes Moura - EI,AM,+55 21 9777 1238
Mendes,PA,+55 (081) 4241-7704
da Rocha Cavalcanti - EI,MS,+55 41 9644-3414
Rezende Pinto - EI,GO,(084) 3888 2162
Porto,AL,61 9014-4456
Rodrigues e Filhos,RJ,(071) 1595 4726
Lima S/A,CE,+55 71 4130 3050
Barros - EI,PB,0500-790-6863
Duarte Araújo Ltda.,ES,+55 21 2158 2014
Lima Peixoto e Filhos,MG,(021) 4848 4142
Barbosa,SE,+55 (081) 8686 7428
Barros Pereira S.A.,MS,+55 21 7914 1850
Silveira,RR,81 2342 7043
Campos Monteiro S.A.,PA,51 1624 5001
Lima Ltda.,PB,(051) 8625-7710
Pinto,DF,(031) 6281 5189
Freitas - ME,PR,0900-601-6337
Melo S.A.,PI,0500-883-2002
Mendes - ME,PB,41 3471-4970
Araújo Azevedo - EI,MG,11 4362 9772
Martins S/A,MG,0900-639-4808
da Mota Nunes e Filhos,MA,(041) 3601 7435
Azevedo Lima Ltda.,PA,+55 (084) 3861-5686
Martins,RN,81 0783 4357
Gomes,RS,+55 11 6695 3268
Cardoso Almeida - EI,BA,31 4558-1544
Ribeiro,RR,(021) 2964 7897
Gomes,AL,+55 (051) 6359 5334
Araújo,MS,0300-009-6137
Cardoso - EI,ES,84 3742-5072
Lopes Martins S.A.,ES,+55 (011) 2946-1711
Costela S.A.,MA,+55 (061) 1474 0058
da Mata,PI,+55 (081) 9384 5733
da Cruz S.A.,AC,+55 61 6922-9899
Cavalcanti da Mata e Filhos,RN,(031) 4601-6791
Rezende,PR,41 0761 1367
Pires,CE,+55 (051) 4057 0666
da Rosa Rodrigues S.A.,AM,+55 (011) 8412-8627
da Conceição,RO,0300 945 6298
da Paz e Filhos,PI,+55 51 2622 3715
Fogaça da Paz - ME,PR,+55 84 9765 0658
Almeida,TO,0800 255 0335
Monteiro,PE,+55 31 2548 9969
Carvalho Ltda.,AM,21 9516 3237
das Neves e Filhos,RS,(011) 0451 8723
Castro,BA,+55 31 8666-5813
Nogueira Nunes - ME,SP,61 6940-4518
Gomes e Filhos,PB,(081) 3765-6043
Cardoso,BA,84 0087-8491
Alves e Filhos,PR,(061) 3510-1076
Azevedo,MG,(041) 9864 4908
Farias Cardoso S.A.,AP,+55 (041) 7372-9278
Cavalcanti Cardoso Ltda.,PI,+55 11 5212-5741
Sales,ES,+55 11 5834-2237
Carvalho Barros S.A.,SC,+55 (031) 6499-9758
Aragão - EI,RS,(011) 5649-9516
Pires,RO,21 4748 7282
Costa S.A.,RJ,(061) 1288 8055
da Mata,RJ,+55 21 6586-9273
Carvalho Nascimento Ltda.,PI,+55 (071) 1060-7340
Mendes Moraes Ltda.,MS,51 8277 1739
da Luz,AL,0800-861-5373
Carvalho S/A,CE,(031) 7806-4146
Aragão,MA,(084) 3119 1928
Gonçalves,MS,+55 21 7483 4819
da Rosa Ltda.,SE,84 5680 1347
Cavalcanti - ME,RJ,21 8782-0875
da Mata,PA,+55 (031) 0041 2903
da Costa,CE,71 2099 1112
Sales,SE,+55 (021) 2548-5187
Sales,SC,84 9562 3311
Vieira - EI,PB,+55 61 6656 7903
Barros Correia - EI,DF,+55 81 9985-8030
Azevedo da Conceição Ltda.,CE,+55 (011) 3791-5636
Azevedo Moura e Filhos,GO,0500 997 0558
Araújo - EI,SE,(061) 1970 7909
Dias,AC,(071) 8849-6809
Martins - ME,MS,81 1780 3407
das Neves Azevedo Ltda.,RS,(031) 8378 4706
Nunes - EI,SP,+55 (081) 6802-4441
Gomes,TO,+55 61 7329-8957
Lopes,MA,+55 (041) 3325 3738
Melo Aragão e Filhos,RO,+55 (011) 7796-3085
Almeida,AP,+55 (081) 9187-6565
da Cunha,MT,(021) 4229-5294
da Rocha,AL,(081) 0177-1403
Novaes,GO,+55 51 4336 2446
Rezende,RO,(084) 5287 6868
Correia da Paz Ltda.,CE,+55 41 0931-8695
Novaes,BA,+55 31 4038 4837
Silveira - ME,CE,51 4798 4789
Porto,PA,0500-531-2620
Jesus Fernandes e Filhos,TO,(081) 1284-3622
Castro,RO,+55 71 1626 9198
Ferreira Ltda.,PE,0300 003 7365
Alves S/A,AC,(084) 9536-3601
Pires,RS,+55 (061) 2626-9805
Alves,MG,(084) 0386 5104
Alves,MG,0300-267-9498
Gonçalves - EI,RN,(081) 5628-7621
Moura,RJ,(041) 3078-1592
Martins - EI,PI,+55 (051) 8297 4462
Barros da Rocha Ltda.,DF,+55 (041) 4757 9565
da Mata Carvalho S.A.,TO,+55 (071) 5791-3439
Araújo,CE,0300 088 9914
Carvalho,MG,+55 (041) 3248-7263
Barbosa Dias - EI,GO,84 1650-4896
Sales,PI,11 4226-3990
Rocha,RR,+55 (071) 5413-0362
Pereira Costela S/A,AC,+55 41 6147 2949
Moraes da Costa S/A,DF,+55 21 8921 4907
Fogaça,RJ,0500-229-5203
da Mata Cavalcanti S/A,BA,84 9309 1741
Souza,MA,+55 31 5832-5551
Pires,PA,(081) 3784-9311
Monteiro Duarte S/A,PB,0500-092-3410
Carvalho,DF,11 4569 1013
Silva,RN,(011) 3812-8731
Moreira,SE,0300-077-7038
da Paz,TO,+55 (051) 3517-6746
Moraes Ltda.,RS,(061) 1765 7844
Novaes S.A.,AC,+55 84 8554-7294
Costela - EI,MA,31 6203 5470
da Conceição - EI,SC,+55 (071) 0661 5112
Lopes,CE,0500-813-4846
Melo,RR,+55 (041) 3984 2064
Souza,SP,21 0453-4689
Cunha Rocha S/A,PE,(051) 6996 4975
Novaes Ltda.,PI,(051) 9653 7407
da Rosa - ME,SC,0800 429 7558
Jesus S.A.,RS,+55 81 6848-4172
Vieira,SP,(021) 4164-7432
Gomes,RO,+55 (031) 4173 8084
Caldeira,ES,(021) 0917 9797
Viana Cunha S.A.,PA,81 2887-8650
Moraes,TO,(041) 4891 3110
Santos S/A,RS,84 5673 2640
Campos Lopes S/A,RN,+55 (081) 7535 3360
da Rosa,MG,+55 31 2908 0440
Silveira - EI,GO,(084) 1889 6614
Moura,AM,+55 21 9594-9824
Dias,SC,(051) 0566-8182
Pinto Lopes e Filhos,MA,+55 41 7732 6931
Ferreira,MG,+55 (071) 2886 6691
Moura,PE,0800-258-8731
Costela,DF,+55 21 4054-3361
Caldeira,GO,(011) 5681 2543
Cardoso,RS,+55 (081) 6065 2451
Farias,ES,0900 474 5465
Vieira Gonçalves S/A,PE,31 4520-7952
Pereira,MG,61 9797 8171
Martins,TO,21 9962 7274
Barbosa - ME,PA,21 5577-5005
Dias Oliveira Ltda.,RJ,+55 11 9954-0476
Carvalho,RJ,0300 556 6942
Fogaça - EI,RS,+55 51 1256 5103
Freitas,PE,+55 11 3760-8240
da Mota,AL,+55 11 7493-1962
Fernandes,PE,+55 71 5743 8675
da Paz Sales - ME,RJ,61 7314 2218
Vieira Aragão e Filhos,RO,21 9132-5558
Castro - EI,SP,+55 61 5311 9823
Sales Melo - ME,PE,+55 (071) 3192 6497
Moraes,DF,+55 (071) 0431-1990
Gomes,MT,71 2681-0362
Ramos,CE,(071) 9724 3420
Moura,RS,+55 21 7092-0239
da Paz e Filhos,AM,11 2450-2673
Dias - ME,RJ,+55 (081) 2262-7917
Cardoso,AC,+55 71 7878 9507
Teixeira Ltda.,AP,0800-953-0364
Oliveira,RN,0900-028-8060
Correia,RN,+55 (051) 3112-3834
Ribeiro,RR,0800 048 3512
Pereira,MT,+55 (011) 5414 9333
Costela,SE,31 9184-0115
Cunha Castro S/A,MG,+55 81 2710-9438
Gonçalves,RS,11 2152 0287
Lopes,DF,0500-041-8758
Rezende,PR,+55 84 7248 1515
Souza,CE,84 5233-0229
Porto Jesus S/A,SP,(081) 0191 3716
Dias,AM,21 5282-5316
Barros,RR,+55 71 9495 9463
Viana Caldeira S.A.,PE,31 4818-7562
da Rocha,RS,31 0283-5687
Rezende Alves - ME,MG,+55 61 4134-0900
Nascimento S/A,PB,(081) 4290-2803
Nascimento Dias - EI,BA,+55 (061) 0103 0712
da Mota,MA,+55 (081) 9531 6898
Lopes Melo S/A,RN,71 1190-6677
Nascimento S/A,SE,(041) 3901 6154
Silveira,PA,+55 51 3214 0480
Cardoso e Filhos,AP,0900-311-9960
Moreira Ribeiro - EI,BA,0900 542 5112
Rocha Cavalcanti e Filhos,RS,+55 (051) 6523 5598
da Rosa,AL,+55 (021) 6182 0016
Azevedo,SP,+55 11 3783-7984
Souza,GO,(081) 5110 1491
Cardoso Oliveira e Filhos,SE,+55 61 6799-4417
Silveira,MA,+55 51 2403 9091
Araújo,BA,+55 (051) 4575-5351
Vieira,PE,81 7430 1864
da Cunha,MG,+55 81 6674-2241
Cardoso - EI,TO,71 2869 5231
Fogaça,SP,(031) 5705-9873
Nascimento,ES,(084) 1156-2046
Castro,BA,51 0910 2346
Gonçalves da Mata S.A.,PR,(081) 9405-6407
Campos,GO,(071) 6586 5804
Carvalho - EI,DF,21 9276-7743
Cardoso,ES,71 3181 4615
Moraes,GO,61 4781 3781
Nunes,AL,+55 (071) 5275-5080
Viana,SC,(051) 4130-4199
Cardoso,AL,21 0780 6873
Dias Pereira S.A.,RS,+55 51 6942 8108
Castro S/A,BA,+55 (081) 8524-9321
Cavalcanti,AL,+55 (041) 4515 6982
da Costa,PB,21 5945-7316
Ribeiro,SP,31 2700-5277
Rodrigues da Costa S.A.,RN,+55 51 2710 0401
da Conceição Carvalho Ltda.,ES,+55 (041) 0608-0968
Rezende Gomes - ME,PI,+55 11 3414 5918
Jesus Cardoso - ME,RO,51 8911 2884
da Cruz,PA,+55 84 3689-8813
Carvalho,MT,+55 21 8284 5343
da Conceição,CE,+55 (011) 6692-5425
Moreira,RJ,+55 (041) 2881 1757
Cunha S.A.,PI,+55 (084) 7169-4494
Oliveira Nunes Ltda.,CE,+55 (021) 3241-9359
Azevedo Campos - EI,ES,(031) 3984 9111
Gonçalves,BA,+55 (061) 3876 8252
Mendes S/A,MS,0800 248 9614
Almeida,RR,0900 442 9760
Campos Alves Ltda.,RJ,21 9112 6573
Peixoto,AP,+55 31 6531 1036
Moraes Gomes e Filhos,AM,+55 21 3983 1635
Ramos,RO,+55 41 9237-3241
Cardoso S/A,RR,+55 (061) 0955 2026
Cardoso,MS,81 3851 6965
Alves,MS,0300 316 3266
Moreira e Filhos,PB,11 5259 6576
Mendes S/A,RS,(011) 8001-8441
Azevedo Silveira S/A,GO,+55 51 7783 9630
da Paz e Filhos,AC,41 6105 6924
Castro,AC,+55 (021) 8045-9315
Gonçalves Ltda.,SP,+55 (041) 2890 1883
Caldeira Teixeira S/A,SP,0800-956-0704
Dias Santos S.A.,CE,+55 (011) 7410-0355
Ribeiro - ME,MT,61 5445 0971
Monteiro Santos S/A,PA,+55 71 5296 1483
Santos S/A,DF,(031) 0196 7219
Castro,PI,0500 781 7228
Cavalcanti S/A,SE,+55 (041) 4942-8613
Rezende,AL,0900 085 2483
Freitas Caldeira S.A.,TO,+55 31 9586 8647
Pinto,DF,+55 (084) 0461 9197
Carvalho,DF,(021) 2685-2314
Freitas,SP,+55 (084) 8253-6195
Ferreira,TO,+55 41 4592-0803
Barros Nunes e Filhos,RR,31 4791-2146
Vieira da Cruz S.A.,RJ,61 8219 8147
Ferreira,PE,84 5680-0856
da Conceição da Costa - ME,MG,(081) 1063 8694
Nunes,SC,+55 51 3673 4901
Porto,AP,84 5538 9138
Correia,PR,51 8524 3200
Nogueira,PB,61 8994-3718
Caldeira,RN,(011) 5840 5624
Monteiro e Filhos,PA,0900-470-7756
Costa,BA,(071) 2558 4898
da Cruz,RS,+55 11 0832 4610
Moraes Gonçalves - EI,AC,(031) 5901-8359
Almeida,SP,31 0207 1759
Almeida,MG,0900-077-9079
Silva e Filhos,SC,71 6546-1621
Moreira,SP,+55 (011) 2307 7849
Novaes Ltda.,AC,0500-011-0170
Almeida S.A.,SC,(031) 7483-6469
Alves S/A,AC,+55 71 9684-2985
Peixoto Viana - ME,RJ,21 1684 4864
da Paz - ME,MA,(051) 2975-8664
Nunes,PI,61 2208 5083
Castro,RN,(011) 4903-5885
da Cruz - ME,SP,+55 51 9595 4383
Pereira da Cruz S.A.,AC,+55 (011) 8552-9894
Nunes,AL,81 6234 8004
da Mata da Rosa S/A,AC,(051) 9835 4979
Peixoto S/A,AP,(051) 1912-9325
Nunes,PE,+55 84 6693-6582
Santos Silveira - EI,MT,+55 (081) 1868 3914
Peixoto S/A,DF,+55 81 1268-4936
Santos,MG,+55 (021) 3667 3798
Castro S/A,AM,51 0239 7625
Martins,PI,0500-353-2681
Oliveira,RR,+55 31 1225 4516
Fogaça,GO,(041) 2348-3887
da Paz,DF,+55 (071) 5722 6576
Pinto S.A.,AC,(051) 3371 3447
Almeida,PI,+55 (084) 2831 9095
Moura da Cruz e Filhos,PE,61 6959 7686
Silveira,TO,+55 (084) 2499 5332
Santos,AP,+55 11 4381-1849
da Mota,MT,+55 84 4557 9639
Cardoso Almeida - EI,TO,41 1171 2509
Martins Lopes e Filhos,BA,0800 238 2538
da Rosa Araújo S/A,PA,81 0087 5090
Souza,MT,+55 61 3390 7606
Pereira,RO,+55 31 5355-5953
da Conceição Lopes S/A,SE,(061) 2907-0184
da Conceição Costa Ltda.,SE,+55 (021) 8781-4896
Silveira Cavalcanti e Filhos,PR,81 3100 0316
da Cunha,MA,(061) 1258 2828
Mendes,SE,51 8478 8667
Barros S/A,PI,41 0639 7009
da Paz,SC,+55 (051) 3609-6477
Caldeira,ES,(051) 7693-3723
Martins - EI,DF,71 4820 4307
Fogaça da Cunha S.A.,BA,(031) 9523 4128
Novaes,RN,84 4438-6648
Barros,SP,+55 (084) 9274-8225
Castro Ltda.,RJ,84 2691-5328
da Conceição S.A.,MA,(021) 5125 8424
Gonçalves,SP,(084) 3382-1496
Rodrigues,MT,+55 51 1406 0603
Vieira,ES,(031) 0669 6325
Duarte,AC,(011) 8375 9499
Jesus das Neves e Filhos,MT,(021) 6553-8458
da Cunha,AP,51 8920 0596
da Rosa,CE,+55 (021) 1786 7041
Moraes,MT,(084) 4659-3620
Cardoso,PI,0800-906-0860
da Rocha S.A.,GO,(021) 6171 7819
Correia S/A,DF,+55 (081) 4047-1865
da Paz,MS,(021) 4736-3117
Mendes Jesus - ME,RJ,(021) 9115 0191
Oliveira Sales e Filhos,MG,+55 (041) 6286 8853
Castro Caldeira - ME,RO,84 0879-9830
da Conceição Alves - EI,RN,+55 71 2778 8503
da Conceição,SE,11 2261 0017
Rezende Peixoto - ME,PI,0500 160 7504
Melo Ltda.,AL,21 7274 4755
Castro,PB,71 0495 3484
Monteiro,PR,+55 41 1747-6317
Campos,RR,+55 (041) 7292 1086
Lopes,RO,+55 (031) 1590 0374
Lopes Ltda.,SC,+55 (031) 3393 6742
Rocha Dias e Filhos,PA,51 5338 5068
Carvalho,BA,+55 (081) 9673-7069
Campos da Luz - EI,RO,+55 (084) 8970-8391
Cardoso das Neves S.A.,GO,+55 11 6047-1347
Vieira Moura S/A,RJ,84 9704-3682
Cardoso,PB,31 9488 2146
Viana,PA,(011) 7287-0476
Barbosa S.A.,RJ,+55 (081) 6008-6078
Peixoto Ltda.,RS,41 9702-2564
Costela,DF,(011) 5641 8142
da Cruz,MA,81 9330 6589
Duarte,GO,+55 41 1688 6988
Barbosa,SP,41 8006-5920
Oliveira Pinto S/A,AP,31 4919 0018
Farias,RR,84 7999 6785
Oliveira,CE,0800 883 8305
Aragão S.A.,PE,11 1173 1882
Peixoto - EI,RO,41 1710-9592
Silveira S/A,SC,+55 81 6690-7024
Caldeira e Filhos,PI,+55 41 8025 7091
Rezende Monteiro - EI,PI,21 1642 2713
Santos,ES,(011) 2083-7217
Melo,ES,0300-965-2754
Santos S.A.,RN,31 8781 2554
Moraes Cardoso - ME,AL,81 0569-0281
Mendes Barros Ltda.,TO,+55 51 9524 9881
Farias,TO,(021) 2641 1742
Cardoso,ES,+55 51 6070 8969
Gonçalves,AP,(041) 7412 3758
Cunha,CE,(071) 5231-4113
Costa,DF,11 1944-9997
da Mota Melo S/A,TO,+55 61 0695-5087
Moreira,CE,+55 (081) 1489 3612
Lima Ltda.,MA,(051) 7671 5769
Souza da Cunha - EI,TO,+55 (081) 3256-8795
Correia,RJ,+55 (061) 3768 0512
Monteiro e Filhos,BA,(081) 0452 0020
da Mota da Cruz - ME,PA,+55 81 4534 2319
da Paz,RJ,+55 (021) 6210 1178
Rodrigues,SP,0900 134 3367
Lima,MS,+55 (081) 6571-7755
Cavalcanti Cavalcanti S.A.,AM,+55 51 6297 6677
Duarte,CE,(041) 4475-9546
Barbosa Caldeira - ME,AC,(011) 1633 2597
Dias - EI,MG,(061) 7060-8411
Silveira - ME,RR,+55 (021) 1575 7740
Lima Cardoso e Filhos,RJ,+55 (011) 7047 6158
Rocha,RJ,51 8210 8164
Cavalcanti,MS,(011) 2498 8834
das Neves,DF,+55 31 3087 5197
Oliveira,SP,+55 81 4517 2479
da Mota Mendes - EI,RS,+55 31 6649-9947
Pires Cavalcanti S/A,TO,81 9080-2659
da Cunha e Filhos,MS,+55 (061) 6213 1402
Viana S.A.,BA,(051) 1300 4742
Campos,AL,(071) 4801-7467
Martins - EI,CE,+55 (011) 3989 0796
da Rosa,RJ,+55 (041) 9903-2834
Aragão,PA,+55 (081) 4116-9843
Correia - ME,PE,+55 41 1174-8691
da Luz,RR,11 7051-4066
Sales Freitas e Filhos,MS,31 2171-0984
Teixeira,PB,+55 84 3781 2695
da Mata,PA,+55 11 4129 5406
Peixoto S.A.,MT,+55 (084) 0130-0074
Cardoso Nogueira S.A.,RN,+55 31 3587 8646
Correia,RS,71 7713 9903
Lima Barros S.A.,BA,0900-614-8119
Rezende Cardoso S.A.,MA,+55 81 2088-6357
Ribeiro Martins - EI,MS,(041) 1351-7846
Alves Teixeira Ltda.,AM,+55 11 4383-3504
Nogueira,MS,+55 (081) 7140 8499
Ramos Castro S.A.,AM,(081) 0379 2289
Novaes Lopes e Filhos,RO,+55 (031) 9812-3467
Castro,BA,+55 (051) 9315-8925
da Conceição,AL,(041) 9360 3064
Caldeira Almeida e Filhos,PB,0500-459-7611
Pinto Almeida - EI,MG,71 1016 4872
Correia S.A.,MS,0300 339 4213
Duarte Silveira - EI,SC,61 5299 6393
Gonçalves,AP,+55 51 4441 0182
Lopes,PB,(071) 5147 2781
da Mata,MG,+55 31 3730 0416
Gonçalves S.A.,DF,31 5948-9815
Duarte - ME,DF,0300 674 7139
Moraes,ES,+55 (081) 1602-9570
Pereira,MS,+55 (031) 2095 8987
Dias S/A,PI,+55 (084) 9064 3022
Gomes,AC,+55 61 1777-1014
da Luz Ltda.,SP,31 2139-8751
Cavalcanti - EI,AM,+55 (041) 8269-8255
Lima Freitas - EI,MG,(061) 6630-1044
Ferreira Almeida Ltda.,BA,(084) 8888-6740
Aragão Alves - EI,AC,+55 84 9288 6580
Monteiro Rocha Ltda.,RO,84 9063 5614
da Luz,RS,61 9378-8422
Ribeiro S/A,BA,+55 21 0360 8849
Nunes,SC,+55 (061) 3565-3916
da Rosa,PI,81 6150-9943
Ramos,SE,(041) 9342 0966
da Cruz Cunha S/A,GO,61 1868 8702
Moura Moraes - EI,BA,+55 (071) 2806-0606
Barros S.A.,AC,+55 (021) 8344 1701
Souza,PE,21 3038 9583
Santos,BA,+55 41 4067-3332
Santos,AC,+55 81 7414 6543
Pereira - EI,PA,+55 84 1425 0113
Carvalho,RO,61 6229-0451
Dias Ltda.,AL,(021) 6661 9022
Vieira,DF,+55 81 0279 5842
Carvalho,TO,+55 (071) 2487 8273
da Costa,PR,41 9322 6877
da Mota,AM,81 1746 8262
Rocha,MG,61 4784-2118
Farias,SC,+55 31 2172 9738
Porto da Mata e Filhos,PR,0800-176-3122
Rezende S.A.,PI,84 6135-9082
das Neves Rocha - EI,PE,0900 186 3867
Rezende S/A,PA,(041) 4754-3169
Lima Ltda.,PI,(021) 3842-1396
Alves,PI,+55 81 1806-5197
da Luz das Neves S.A.,CE,(021) 1425 7992
Moraes,BA,(051) 6850 7288
Aragão da Rosa - ME,AC,(051) 6696-8518
Porto,MS,+55 (084) 4196 6558
Martins,AC,51 9805 1272
Vieira Melo - ME,RR,+55 84 9786 5332
Lopes Freitas e Filhos,CE,+55 11 4736-8700
Mendes,ES,+55 84 4237 8078
Nascimento Fernandes S/A,MT,61 4836-5124
Nascimento,RS,+55 21 2987 8483
Rodrigues Jesus - EI,AM,81 2912 6778
Mendes Viana - ME,AM,61 2075-2636
Moraes,SP,0900-203-8563
Martins Ltda.,RO,0800-534-2177
Mendes Nascimento - ME,AC,(021) 9481-7958
Campos das Neves e Filhos,CE,(071) 5077-9138
Barros,RN,+55 51 5768 0738
Peixoto,TO,(084) 7226 9551
Rocha da Costa S/A,MG,+55 81 1803-8587
Pereira S.A.,RO,+55 (021) 8365 4725
Duarte,GO,81 1990-4530
Cardoso da Cunha - EI,TO,84 9842-2743
Fogaça e Filhos,PA,41 6121-0387
Pires,CE,+55 31 6601-6405
Jesus,RR,0800 690 3792
Moura,RS,+55 61 0159 8957
Araújo,SC,(061) 7909 9685
Pinto,TO,(051) 4721 2400
Fogaça,CE,+55 21 8102 0468
da Rosa,PA,84 8594 1307
Fernandes Sales S.A.,AM,+55 (041) 3348 4027
Carvalho,MA,+55 (084) 5153 7895
da Rocha S.A.,RS,+55 (031) 7425 9166
Martins,BA,+55 (031) 4600 1192
Cardoso,RJ,0500 431 3562
Freitas,GO,51 3638 6063
Gomes,DF,(061) 9757-7300
Farias,PR,+55 84 3424 9226
da Costa,PR,+55 31 8376 5142
Rodrigues,RR,0300-503-5252
Fogaça,PI,(031) 9272 9444
Correia Caldeira S/A,PA,+55 (011) 2989 4849
Gomes,AM,11 9723 2582
Nascimento,PB,(041) 7804-5963
Jesus,SP,0300-086-7984
Rodrigues,PE,+55 (021) 2166 3815
Lima Carvalho S/A,RN,+55 (061) 9669-6008
Rezende,CE,+55 (021) 9059 4653
Rezende,RJ,21 3501 8437
Martins,MS,+55 (041) 7762-6826
Teixeira,AM,+55 (031) 5995 5373
Almeida S.A.,PI,(051) 4735-7306
Pinto,AC,71 9251 5219
Moura e Filhos,TO,(071) 6954 2494
Moraes Rodrigues - ME,PE,+55 31 8375-3963
Moraes Alves - EI,AC,+55 31 5013 0305
da Cruz da Cunha - EI,MA,+55 41 8471 2047
da Costa,RS,(051) 7445-6282
Fogaça Duarte Ltda.,RO,(051) 2362-3479
Pereira,BA,21 4239 6616
Freitas S.A.,PB,(021) 0059 6309
da Rosa,CE,+55 (041) 3860-2603
Costela,RN,(011) 4527 3173
Cavalcanti,RO,+55 (081) 8405-0323
da Conceição das Neves S/A,MG,+55 81 2987 2471
da Luz,CE,0500-870-5046
Nunes,TO,11 6202 3061
Costela,PA,71 4769-9699
Novaes,GO,(051) 7125-2960
Dias S.A.,SE,+55 (041) 5213 3497
Santos,SP,+55 (011) 1435 4938
Nascimento,SP,0900-821-1960
Lopes Souza S/A,PR,+55 (061) 1347-3124
Barbosa,AC,(061) 0264-9327
Souza S.A.,AM,+55 (061) 2619-7660
Ribeiro e Filhos,GO,+55 11 1171-2629
Rocha Moraes - EI,AL,+55 (021) 3580 1798
da Mata e Filhos,SC,84 1462 3663
Rezende,RN,+55 (051) 2780 0443
Moreira Moura Ltda.,MG,(021) 8309 6544
Barbosa,PE,+55 (051) 7255 9442
Pinto,RN,41 6561-9825
Pereira da Costa S/A,GO,(011) 4019 0762
Oliveira da Costa - ME,SE,+55 31 4505 7937
Duarte,MA,(021) 0228-1319
Araújo e Filhos,ES,81 5685 1344
Cardoso Carvalho e Filhos,AC,81 8006-0069
Cunha Rocha - EI,AM,(021) 4614-8894
da Luz,BA,(041) 0468-2735
Lopes - ME,GO,+55 31 5196-8332
Cunha Duarte S.A.,RJ,0900-399-7510
Teixeira S.A.,CE,11 1071-2416
Freitas da Cruz S/A,AP,51 7688 1128
Costela Novaes - EI,AM,21 8890 9190
Moreira Novaes e Filhos,MT,(041) 6572 9829
Vieira,BA,(031) 3826-7542
Barros - ME,PA,+55 (041) 8434 9553
Farias da Rosa Ltda.,MT,(071) 4217 3720
Souza Freitas S/A,MG,+55 81 1981 3885
Jesus Ltda.,RS,+55 31 7097-4776
da Rosa Costela Ltda.,MA,0300 626 1200
Jesus,RO,41 5010-6162
Farias,PA,61 5965-3122
Gomes,ES,+55 (071) 4474 3168
Gonçalves,PR,11 3926 3953
da Rosa,RN,21 3863 4600
Vieira Ribeiro Ltda.,CE,+55 81 4901-4431
da Mata,TO,+55 (071) 7426 8583
Barros - EI,GO,31 1340-6670
Freitas e Filhos,AC,(084) 6611-9391
Duarte,ES,81 4168 4045
Barros,MG,(061) 9816-8757
Moura,MA,+55 31 2267-7861
Ribeiro da Luz Ltda.,TO,41 8401-7052
Nogueira e Filhos,MA,(031) 9103-4366
Moreira - EI,MA,(031) 0608 2542
da Mata,PA,61 3591-8061
Ferreira S/A,GO,(081) 7498-0882
Nascimento,AL,0900-392-7659
Porto,BA,+55 (071) 2491-6282
da Cruz da Cunha S/A,AL,+55 (071) 0358-5269
da Rocha,RS,+55 (071) 1386 5665
Cunha Moraes S/A,BA,+55 (031) 3743 2711
da Rosa S.A.,BA,+55 84 1739-4172
Rezende e Filhos,PE,(081) 3135-8308
Santos S.A.,AM,+55 61 0015 0296
Costa Martins S.A.,BA,0800 729 3579
Castro,SE,41 7517-1156
Monteiro S.A.,AL,+55 (031) 0382 5304
Dias S.A.,PE,(031) 5099-8535
Lima,ES,61 2333 5130
Gomes Oliveira S.A.,AL,(021) 2426-5449
Nunes,SP,41 5363 9908
Costela Rezende S/A,PI,0300-045-0606
Moura,RJ,+55 (071) 2536-4278
Souza,PB,(031) 9684-5420
Sales - ME,DF,+55 (061) 6835 9444
Barbosa Gonçalves e Filhos,RO,61 8162 1902
Viana S/A,CE,+55 61 7551 9795
Farias,GO,+55 (081) 4117-3892
Rodrigues Ltda.,PB,+55 (021) 5442 1632
Farias,CE,0800 427 5027
Almeida Ramos S.A.,PE,+55 (051) 3218 1560
Gonçalves da Conceição - ME,CE,(071) 1929-1113
Oliveira - ME,MG,61 3688-9350
Santos da Costa S.A.,SP,(031) 4615-0580
Fogaça Ltda.,ES,+55 11 6805 2164
Jesus S.A.,SP,61 4821 3811
Rodrigues,DF,+55 71 7899 1349
Duarte,GO,+55 (071) 8547 4994
Moreira S.A.,AL,+55 21 4108-8164
Silveira Fogaça e Filhos,PB,+55 (051) 5735 1885
Mendes,MG,+55 (081) 7190 9608
da Mata,MT,+55 41 9932 6222
Martins S/A,BA,31 2215-3019
Mendes - EI,MG,+55 31 3991 3126
Cavalcanti da Cunha Ltda.,SP,+55 (061) 0121 1750
Lopes Costela Ltda.,SP,0900-183-4821
Freitas,SP,(084) 0463 1662
da Mota Melo - EI,PB,+55 61 5806-9521
Moreira,SC,+55 31 3498 8517
das Neves Costa e Filhos,PB,+55 (021) 6099 2297
Pereira,MG,(011) 7930-4288
Pereira S/A,RJ,+55 31 3593 3692
Costa Costa e Filhos,SE,+55 (011) 0734 2296
Caldeira,AM,+55 (084) 4709-8838
Cardoso S.A.,PB,84 4737-3318
Porto - ME,PR,84 4169 9761
Alves,RO,0800-223-6397
das Neves,SC,(084) 3820 8898
Rodrigues Ramos e Filhos,AC,+55 (081) 0682-6851
da Luz,TO,+55 (051) 5681-1173
Gomes das Neves S.A.,BA,31 8276-0662
Nogueira Oliveira - ME,MA,0800-354-3796
Rezende - EI,PR,+55 11 2612 0602
Souza Ltda.,PE,31 6977 5742
Gonçalves Porto e Filhos,SP,+55 51 0552 9783
Carvalho,PI,+55 71 2640 8621
Viana,SC,81 8045 9248
Moreira Nunes Ltda.,RS,+55 (061) 1654 5310
da Rosa,BA,(041) 6884 7116
da Cruz,PE,61 2630 6600
Teixeira - EI,RN,+55 71 6075-3270
Jesus,BA,+55 21 3834 9415
Costela,SP,(041) 5316 9687
Nogueira,ES,+55 (061) 9560 8464
Castro - EI,AP,+55 (051) 8548-8613
Monteiro,RO,(081) 6728 2212
Aragão,AP,21 5535 6348
Monteiro Rodrigues - EI,RR,+55 61 4706-0492
Castro,AP,11 7689-7834
da Cruz Dias e Filhos,AP,(051) 8077 7394
da Mota,TO,84 6281-0958
Gonçalves,RS,0300 164 6358
da Costa Ltda.,PE,51 3778 7398
Castro,AP,0300-849-6685
Jesus Silveira - EI,CE,(031) 0269-6881
Costela - ME,RO,+55 (011) 2775-3475
da Rocha,TO,11 6199 0203
da Rosa Ltda.,PE,84 8810 5600
Moraes,MG,(011) 9250-8235
Araújo Nogueira S.A.,MS,(061) 6098 9542
Almeida Rocha e Filhos,RN,+55 (021) 4500-2257
Mendes Oliveira - EI,MS,+55 (041) 9592-5647
Ramos - EI,RS,71 8863 2154
da Conceição Campos e Filhos,RO,(021) 5645-2429
Gonçalves Duarte Ltda.,AM,+55 11 8598-3154
Barros,PR,(021) 8771-2613
Rezende,PB,84 5030 0434
Martins,PI,(084) 9309-3558
Pinto,AP,61 4282-5210
Araújo Dias - ME,PE,+55 (041) 3224-9780
Rezende,TO,84 1934-7116
Nogueira,AM,21 2577-2229
Nunes,MS,+55 41 0257 6808
Gonçalves,SP,+55 81 5044 7479
Costa,RR,+55 71 0139 0756
da Rocha S.A.,RS,11 7811 3820
Araújo,MG,+55 (041) 2161 1804
Viana,PA,81 4757 4945
Peixoto Peixoto - EI,AM,(084) 5528 5676
Vieira S.A.,DF,(011) 2683-2846
Rocha Pereira S/A,MS,+55 (084) 2762-3146
Nunes Moreira S.A.,DF,0800-487-3766
Barros,MS,+55 11 6032-6266
da Luz Ltda.,PE,51 7855 8731
Carvalho,SP,0800-076-1630
Silveira das Neves - ME,MT,0900-426-4642
Ferreira,AP,+55 (061) 4752-0145
Sales,RN,+55 71 5805-6791
Dias S/A,RS,21 5189 9936
Castro da Rocha - EI,RN,(041) 0652 6548
Duarte,PE,+55 (011) 4646 9794
Cardoso,MT,11 5764 1671
Araújo,MT,(081) 2898 0070
Fogaça,RN,11 3999 2634
da Cruz,GO,(021) 2878 6050
da Cunha Lopes S.A.,SC,0900-748-2713
da Cunha,PA,+55 71 6412-0295
Castro - EI,TO,+55 81 1277 5570
Fogaça,MS,+55 61 4520-5592
Pires - ME,RS,+55 41 5788 5566
Mendes Moraes - EI,PA,+55 (041) 1577 9556
Nascimento,SP,+55 61 3594-0024
Novaes,RN,+55 71 4932 9919
Correia das Neves S.A.,MT,+55 (061) 5264 8613
Lopes S.A.,GO,(061) 7301 4264
Oliveira,SE,(051) 5817-4566
Silva Caldeira - EI,AM,+55 (041) 0364 6063
Fogaça,CE,+55 61 5854-7906
Dias,BA,+55 (021) 8498-0222
Campos,ES,+55 81 8573 7447
Monteiro da Cunha e Filhos,DF,+55 41 3058-0625
Ramos,PR,31 4724-5355
Carvalho,RS,31 5228 9993
Moura,PI,0300 906 3553
Gonçalves,ES,21 8947-6217
Cavalcanti S.A.,SE,(031) 0496 6024
Jesus - EI,GO,(084) 2676 7789
Alves da Paz S/A,BA,21 0013 0125
da Rosa Pinto S.A.,PR,+55 11 9114 1273
Moreira Moreira - EI,AC,11 3039-3255
Novaes - ME,DF,+55 (031) 7830-6412
da Luz Cunha Ltda.,PB,+55 (031) 7982-7938
da Costa,PE,51 1169 9490
Araújo S.A.,SC,(011) 9683-7004
Nogueira Pereira - EI,CE,+55 (021) 8671 9687
Melo e Filhos,BA,+55 81 6149-6387
Nascimento - EI,AC,(041) 0020-7520
Lima,GO,71 6351-2991
Moraes - EI,MG,0800-364-8470
Costa - ME,ES,(081) 8600-9224
Melo - ME,SC,31 4160-0305
da Mota S/A,DF,+55 (021) 6835-5310
Sales,SP,+55 81 4932 1859
Barros da Paz S.A.,PE,(041) 8111 9153
Silveira Aragão S.A.,AP,11 1508 2017
Pereira S/A,PR,+55 (084) 7242-8364
Monteiro Rocha e Filhos,TO,11 1242 2474
Dias,RO,+55 (071) 6099-9006
Gonçalves,CE,+55 (021) 0874 9882
Martins,MG,(021) 1130-4376
da Cunha,PA,+55 (011) 3922 4910
Nunes,PB,+55 (051) 3669 9854
Lopes,AP,+55 (031) 3454 9669
Cunha e Filhos,RN,+55 11 3302 4667
Lima e Filhos,AM,0500 499 7693
da Mota Martins S.A.,SC,(021) 1481-4453
Nogueira,MA,(051) 5261 4641
Novaes e Filhos,RJ,(041) 1237 7253
Freitas,AC,21 1063 1327
Duarte,RS,61 1038 1338
Lima Ltda.,PI,(061) 9079-6196
Lima,RS,41 8364 5927
Correia,SC,11 1959-1170
Costa - EI,DF,+55 (031) 2630 0584
Farias,BA,+55 (071) 4158 7234
Cardoso,MA,(021) 1916 1495
das Neves,AL,+55 (041) 0911-8302
Monteiro Monteiro e Filhos,RJ,+55 21 3538-4477
Sales Ribeiro e Filhos,RO,+55 (011) 6309-8779
da Mota,PB,+55 (061) 6164-8128
das Neves,AC,0900 322 3098
Jesus,AL,+55 (031) 8079 8885
Silva,SC,71 0761 7048
da Mata Ltda.,MA,(011) 4057-6662
das Neves Araújo e Filhos,RR,(051) 4688-2624
Nogueira - ME,MS,+55 71 2033 6989
Rezende,MG,(051) 7763-9730
Nogueira Jesus - EI,GO,84 4698-9596
da Cruz - ME,RS,(031) 8774-0959
Ribeiro,BA,(011) 7654-9767
Lima - ME,MS,(081) 0729-9363
Freitas Freitas e Filhos,TO,+55 (081) 8603-0081
Fernandes,RJ,31 8220 3377
Moreira,PE,+55 81 8242 2053
Azevedo Lopes e Filhos,RO,+55 (081) 5939-2596
Nascimento S/A,MG,+55 (061) 8577 5469
Santos,RS,+55 (041) 0894 7412
Lima,AM,+55 51 0197 0553
Monteiro,PE,0900-237-9008
Porto,CE,0900-112-2701
das Neves Rodrigues e Filhos,PI,+55 (084) 1261-3786
Santos Cavalcanti Ltda.,PE,84 4758 9012
Ramos - EI,PB,+55 51 3643 2921
Viana,PI,84 7790-2629
Castro Monteiro S/A,BA,11 1652-2637
Azevedo e Filhos,PE,21 7479-9381
Pires S.A.,SC,0500 957 4979
Dias,AC,+55 11 1894-3710
Barros - ME,PR,(084) 9676 0615
Martins,PB,0300 253 2944
Vieira,RR,+55 41 7979-8590
Silva e Filhos,SP,0300 708 4094
Peixoto,PR,+55 21 4227 9053
Martins,AL,71 7251 1015
da Cruz Gonçalves Ltda.,SC,+55 (061) 0149-2254
Fogaça - ME,MG,(071) 1030 8683
Lima,RJ,(031) 2214-4633
Carvalho,MT,+55 (081) 7312 8993
da Luz,TO,(061) 0742 3224
Costela Moreira - EI,AM,+55 (011) 2763 7707
Melo Pinto - ME,AC,(021) 0747 8203
Vieira Souza Ltda.,PE,+55 31 2278-5650
da Cunha,SC,+55 (021) 0253 9721
Nascimento,TO,+55 (071) 4654-6758
Gomes,AP,+55 (031) 7268-2097
Vieira,MT,+55 (084) 7928-7091
Fernandes,PA,+55 81 0007-2500
Viana Ltda.,AC,+55 (021) 7586-8008
Castro Moraes Ltda.,RO,(051) 0777-3563
Silveira Ramos Ltda.,RO,+55 21 5276-8627
Campos Araújo - ME,PE,+55 (031) 0332 4222
da Rosa,RS,+55 (011) 5799-9050
Ferreira,DF,0300 442 7081
Vieira Monteiro S.A.,BA,71 5476-5931
das Neves,DF,84 3572-8415
Pires Almeida e Filhos,SE,+55 (011) 4133 8206
Moreira,GO,+55 41 3975 4933
Silva S/A,AM,+55 81 8130-4297
Moreira - EI,MS,(051) 3713 4112
da Cruz,RS,(071) 1634-9630
da Rosa,SP,+55 (061) 5619-9302
Souza,CE,+55 11 8067-5883
Lima,PB,(021) 4771 5566
Costela S.A.,MS,+55 31 3072 1033
Moura,PI,+55 41 7954 2670
da Mota,MG,+55 (061) 7013-6871
Castro - EI,PE,+55 11 4183-8416
Gomes,RR,+55 41 7424-3571
da Rosa Vieira e Filhos,PI,31 1447 4153
Moraes Melo Ltda.,TO,+55 31 0953-6560
da Mota e Filhos,RJ,+55 (084) 4842-9957
das Neves Porto S/A,PB,0300 727 6305
Moura,RS,0500 736 4295
Moura,SP,(011) 0120 1881
Ribeiro S.A.,MG,31 0642-2658
Duarte,PI,0800-064-2849
Campos - EI,TO,(061) 0203 8244
da Conceição das Neves S/A,MG,+55 31 0671-3338
das Neves,AL,(071) 0787 8408
Martins,PA,(071) 1233 4578
Oliveira e Filhos,SC,+55 71 9231 7957
Almeida Ltda.,RR,+55 81 7895 5815
Lopes Ltda.,RN,71 4989-1179
Peixoto - EI,MG,51 5301 5199
da Paz,RN,+55 (071) 2330-8658
Moura - EI,PB,+55 (011) 6233 0125
Porto Ltda.,RJ,0500-302-7485
Lopes Ribeiro - EI,AC,(051) 1650-2969
Campos,AL,0300 383 6192
Martins,RO,(011) 8987 3693
Martins Nogueira S/A,PE,0500 176 3146
da Cunha,SC,(051) 5930-2305
Melo - ME,MS,+55 (011) 6381 9045
da Cruz - EI,MT,+55 (031) 5532-0153
Melo,PI,+55 (041) 2072 8760
Ramos,MA,+55 41 6080-2861
Cavalcanti,BA,+55 (061) 2366-7406
Santos,MG,+55 41 3281-8926
da Rosa,DF,+55 81 0482-2394
Souza,AP,+55 31 4765-2914
Araújo,MG,(011) 2506-1031
Silva Caldeira - ME,PR,+55 21 7296 1450
Cavalcanti,BA,81 8280 7938
Rodrigues Ltda.,PE,+55 (041) 0499-3683
da Mata e Filhos,CE,(081) 5112 2498
Gomes S.A.,PI,(031) 4229 8246
Lima e Filhos,GO,(031) 9073-3321
Lima Alves e Filhos,RJ,+55 (021) 1628 0789
Porto S.A.,MT,+55 31 0244-6390
da Cunha,TO,0300-913-3103
Costela,TO,+55 84 1345 0970
Melo da Luz S/A,PR,+55 (084) 2629-4065
Jesus Nogueira - ME,PR,+55 51 1769 8617
da Rocha,TO,+55 (041) 6221 9127
da Cunha - ME,AP,(071) 4135-6825
Alves,AC,+55 (051) 8002 7337
Porto S/A,PR,0800-207-5648
Mendes Santos - EI,BA,84 9475 2591
Barbosa,MA,41 6731-7152
Barbosa,PB,71 6601-0024
Aragão,PI,+55 (041) 0829-7374
Araújo Oliveira e Filhos,RR,+55 31 4145 1348
Costa - EI,CE,+55 (031) 2255-5842
da Costa,DF,(021) 7511 9526
Costa,RJ,51 9224 1892
Oliveira,MT,+55 61 6447-8305
Moreira - EI,MG,51 6242 0223
Freitas,PB,+55 11 5319-9069
da Mota das Neves - EI,PE,(081) 0744-0612
Moreira,PB,+55 (061) 7677 0469
da Rosa,SE,84 5783 5261
da Mata S/A,AL,+55 81 7139-9344
Santos Martins S/A,DF,+55 81 4234 3547
Novaes - EI,AC,+55 (041) 4821 9796
Moura - ME,RN,+55 41 7792-3142
Monteiro Pires e Filhos,PA,+55 (031) 4562-7142
Fogaça,RR,0300-014-3229
Peixoto,SP,+55 41 6443-2069
Pinto Azevedo - EI,RO,(021) 8237-2268
Pereira,PE,+55 (021) 1697-0281
da Rosa Campos - ME,RR,+55 (061) 6823-9276
Souza - EI,MS,11 9635-9972
Silva Ltda.,RO,(061) 6474-5698
Moraes Castro S.A.,AP,+55 84 3740-1829
Viana Nogueira - EI,AM,+55 (051) 1091-2377
Freitas,BA,(051) 7708-7314
Rocha da Rosa - EI,RJ,+55 (031) 6867 8568
Monteiro Oliveira S/A,RS,+55 (084) 2096 2257
da Paz Porto e Filhos,RO,+55 (071) 8044 4485
Gonçalves Porto - ME,CE,+55 (051) 1597-6813
Barbosa S/A,AC,+55 41 1250-6446
Pereira Ltda.,RO,71 6267-0812
da Mata,AM,(071) 2192-5541
Ramos Ltda.,RR,+55 (041) 8639 6936
Martins - EI,PB,71 0220 3619
Costela e Filhos,MT,(071) 5133 2930
Almeida Martins S/A,MT,+55 41 1809-0173
Melo,RN,+55 61 9134-1514
Barbosa Ltda.,PB,+55 (051) 3431-8051
da Luz,AP,+55 31 0459 0930
da Mata - ME,MA,+55 (071) 6001 7887
das Neves,PR,+55 31 1262 0355
Azevedo,SP,+55 (061) 2297 4861
da Luz,RJ,(071) 8876 8075
Santos Nunes S/A,MG,+55 61 7710 1097
Martins S.A.,RJ,+55 61 7201-9891
Fogaça,PE,+55 11 5690-6746
Cardoso,RJ,31 7183-0210
Souza,SC,0900-623-4683
Alves Freitas S/A,PE,+55 51 2207 6755
Ramos,RN,+55 31 2030-0757
Fernandes S/A,PR,+55 84 8931 3884
Gonçalves,GO,(071) 3390-5351
Moura S.A.,RR,(084) 2408 5089
Ramos,SC,+55 (041) 6957 9761
Cardoso Gonçalves S.A.,PE,(081) 2177 1826
Vieira,MA,+55 31 5552-6089
Gomes e Filhos,RO,+55 31 6709 4876
Moraes,AC,+55 31 4077-1105
Rocha Ltda.,SP,(021) 7660 9745
Aragão,ES,+55 (071) 4360-5465
Silveira - EI,RR,+55 (081) 7190-3517
das Neves,PR,0900-980-7956
Teixeira,RO,31 0343-5372
Barbosa Aragão e Filhos,TO,+55 21 6369 0274
Jesus Carvalho e Filhos,SC,+55 21 4371-9744
Moraes S.A.,AP,+55 (084) 3781 3190
Pinto Nascimento Ltda.,RS,31 0231-6529
Alves,MS,+55 11 0966 2313
da Cunha da Cruz S.A.,AC,61 8493-1756
Barros S.A.,DF,+55 31 3016 5230
da Cruz - EI,SP,11 3401 6209
Souza Martins - EI,TO,81 7055-3728
Almeida S.A.,TO,+55 (031) 6398-9383
Fogaça S.A.,ES,11 4276-3413
das Neves - ME,BA,+55 (041) 7967-1551
da Conceição,GO,+55 51 4887 4465
Pereira - ME,SP,+55 31 5650 0783
Cardoso,BA,0800 107 6637
Ferreira,MA,0500 893 8910
Carvalho Azevedo - EI,SP,+55 (051) 0535 1823
Barbosa - ME,SP,+55 31 2804-4904
Almeida Barros S.A.,SE,+55 71 5069-8162
da Cunha,AM,(061) 4103-9663
Silveira,MS,(011) 9189-1964
Dias Campos S.A.,MS,0800-161-6513
Ramos S/A,AC,+55 (021) 6398 2712
Viana Alves - EI,TO,+55 41 9191-7818
Oliveira,SC,(071) 5144-6092
Lima,AC,+55 (081) 3337 7119
Almeida,MS,+55 (061) 8881-8256
Rezende - EI,PR,+55 71 1082 8593
Cunha Ltda.,AP,+55 (061) 7546-7279
Moreira,RS,71 7158-7542
Castro e Filhos,AM,+55 (081) 2537 6632
Nascimento Rezende - EI,MS,81 0977 0110
Moreira da Mota e Filhos,AP,71 4478-3770
Rezende,PA,+55 (084) 2301 3657
Melo da Rocha Ltda.,RN,+55 (011) 9546-8456
Gomes,MG,(021) 1715 0785
Ramos,PI,(051) 0539-6353
Novaes,AM,+55 11 8627 5295
Ramos,RN,+55 84 6095 4800
Mendes,AC,81 5915-7368
Aragão S/A,MA,+55 (071) 6807-2239
Campos da Cruz Ltda.,BA,71 7302 0394
das Neves,PB,51 9348 6659
Moreira,PR,+55 84 5138 8162
Castro Rocha Ltda.,MT,+55 (084) 3461 4144
Vieira,PB,+55 (041) 3847 2720
Fernandes,TO,(011) 6927 4954
Duarte - EI,AC,(021) 6371 6585
Mendes S.A.,DF,0800-217-7758
Cunha,RN,+55 (041) 5426 2497
Cardoso - ME,SP,+55 41 9139 7284
Ribeiro S/A,GO,(051) 1100 1815
Santos Gomes S.A.,SC,0800-734-2890
Melo S/A,PI,+55 (011) 0985-8034
da Rocha,ES,31 7141 0549
da Rocha,MG,81 1194 1834
Melo Rocha - EI,MA,61 7858 8848
Moraes S/A,TO,(071) 4846-1565
Lopes Barros Ltda.,AP,(051) 0601 5079
Mendes - EI,GO,0500-070-8176
Carvalho,RN,0900-104-6644
Novaes,PA,(041) 4005-1035
Gomes,AP,+55 (051) 2005-5755
Moura e Filhos,PE,(021) 3934-1149
Silva Ltda.,ES,+55 31 1807 1033
Monteiro,DF,84 4680-1659
Ramos,MA,+55 (051) 4139-7603
Costela Santos Ltda.,AL,+55 (061) 2325-8210
Almeida S/A,PB,+55 (021) 1300-0254
Araújo,RJ,0900 804 9309
Ribeiro Campos Ltda.,GO,31 8259 0645
Ferreira,SE,+55 31 5505-1510
Cunha,PI,+55 71 9095 0575
Rodrigues S/A,ES,+55 (021) 5420 1385
Pereira Gomes - EI,PI,+55 41 3659 9348
Moura,MT,+55 71 2870 2455
Nunes,CE,(061) 9575 0930
da Luz e Filhos,TO,41 4545 5931
Nogueira e Filhos,RS,61 8059 9003
Aragão - EI,ES,(081) 8281 4533
Dias,ES,+55 61 2542 7034
Ribeiro,SE,(011) 9910 6222
Aragão,CE,21 3088 4867
Freitas,TO,+55 (011) 5780 9978
Costa,BA,(081) 5531 9838
Campos,SP,21 6293-8205
Cardoso e Filhos,RN,0900-392-0477
Moraes Duarte Ltda.,TO,+55 51 5954 4981
da Costa S/A,MG,84 5964 3766
Cardoso,MA,+55 (071) 8308-4259
Monteiro,PE,(021) 5777 5144
Moraes,GO,+55 (071) 9065 6119
Castro Pinto S/A,PA,21 8545 6299
da Mota e Filhos,BA,61 8942-5823
Carvalho Castro S.A.,PB,+55 (021) 5932-2241
Dias S/A,PE,+55 (031) 0783-5056
Cunha,RJ,+55 (011) 5853 3357
Gonçalves Fernandes S.A.,PR,+55 (031) 6427-7916
Silva Fernandes S.A.,SE,11 8126-6764
Araújo,AC,81 6798 3661
Novaes Dias - EI,PI,+55 (021) 1837 2602
Correia Souza - ME,CE,51 3410 0984
da Mota,TO,61 2480-2361
Aragão,SC,+55 (061) 6109 4184
da Paz Pires Ltda.,SC,81 7358-1056
Santos S/A,SP,(061) 0681-4474
Costela Porto S.A.,AC,+55 31 9499-7571
Carvalho,SC,+55 41 0310 7408
Barros,PB,+55 (031) 8791-3382
Alves,SP,(041) 7250-0126
Novaes,PA,(021) 4846 5721
da Luz,PE,11 8049-8592
Viana,AP,+55 41 0402 9690
Cavalcanti S.A.,AM,+55 61 6584-0822
Pinto Nascimento S.A.,ES,(011) 1126-1747
Vieira Souza - EI,CE,(021) 1897 8814
Sales Ltda.,TO,(081) 5693 6453
Aragão Peixoto - ME,SC,+55 (051) 3763 0073
Cavalcanti,RS,+55 (031) 0878 4549
Gomes - EI,SE,(071) 8983 5119
Nascimento - EI,TO,61 0076 3858
Ribeiro,RJ,(031) 1321 0690
Teixeira Costa e Filhos,ES,0300 331 8457
Teixeira,MT,+55 61 0911 0347
Moreira,TO,+55 (071) 5122-3518
Pinto,RJ,(061) 8706 8444
Martins,RJ,(041) 4379 9058
Pinto S/A,RR,+55 (071) 7955 9385
das Neves Ramos S.A.,MS,+55 81 6390-1537
da Costa,RS,51 4206 8498
Sales Moraes S/A,ES,61 3533-7959
Almeida,PB,+55 (041) 7679 2923
Oliveira Peixoto S.A.,MT,84 2869 5885
Barros,RS,(041) 0397 2632
da Paz,MG,+55 (021) 5615 4308
da Conceição - ME,AM,0500 314 0066
Rezende S/A,SE,+55 (011) 3480 5358
Gonçalves,PE,(011) 5056-0772
Correia Ltda.,PE,+55 (021) 6503 4461
Peixoto,RN,+55 (071) 5498 7037
Ribeiro,MA,+55 11 7149-7641
Moura Porto S.A.,DF,71 6315 6356
da Cruz - EI,RN,+55 (041) 5384-3315
Cavalcanti,TO,11 0334-1198
Rocha da Paz Ltda.,MS,0300 769 8518
Nogueira Cardoso S/A,SE,+55 84 9882-8274
Lima,SC,0800-468-3279
Moura,AM,+55 71 0183 5256
Vieira,MT,+55 (021) 7577-0108
Lima Porto S.A.,RJ,51 2717 4710
Correia S/A,BA,41 8571 9265
Caldeira,AL,0900 085 1038
Fogaça,DF,0900-466-3306
Sales Ltda.,PI,71 3214-8699
Gomes Oliveira - EI,AL,+55 81 4157 4097
Novaes,RS,+55 (041) 3970-4516
Gonçalves Caldeira - ME,TO,(021) 3789-6210
Jesus,ES,(051) 3468-4029
da Conceição,RO,(071) 7998 4179
Martins,SE,(011) 2281 1160
Moreira,RO,+55 11 4715 6792
Cardoso,MT,+55 41 0218-1955
Silva Jesus - ME,PA,+55 (084) 6018 8144
Lima,SC,(061) 9609 5300
Santos,AM,+55 (081) 4738-6389
Barros,MA,+55 (061) 3642 7620
Fernandes,SC,(021) 3081 0963
Silveira,PB,+55 51 2703 9599
Almeida da Costa S/A,AM,+55 84 8594-2681
da Luz da Rocha - ME,AC,11 0296 9107
Costela,AL,+55 (051) 8422 2907
Duarte,DF,(041) 6164-2881
da Cruz Cardoso S/A,AL,61 3504-7814
Viana Almeida - EI,SE,(041) 9396 1502
Moreira e Filhos,PA,+55 (041) 5562 3032
Moreira,PA,+55 (011) 5206 4527
Costela Ramos e Filhos,AC,+55 (031) 7238-4289
Carvalho,AM,0800 646 6453
Mendes,RS,(031) 2644 5926
da Rocha,AM,0900-253-6106
Carvalho Ltda.,RS,+55 (051) 4711 4749
Castro,BA,+55 (011) 8675-5675
Aragão S.A.,CE,+55 (031) 9097-9396
Rezende e Filhos,AL,(051) 8557-0090
da Luz,GO,+55 21 6215 9078
da Mota,PE,61 5863 5754
Rocha,MS,(021) 7946-1021
Almeida,AP,+55 11 8829-3584
Rezende,RO,61 5365 6161
da Luz S.A.,GO,+55 61 6045 4336
Gomes Viana e Filhos,PA,+55 (061) 0992-0803
Fogaça,MT,31 6814-6161
Fernandes Ltda.,SP,+55 (011) 7655-1158
Teixeira Oliveira - EI,SE,+55 51 2039 6294
Campos e Filhos,TO,+55 84 6319 3033
Fogaça,PB,(041) 0078-5228
Moreira Cunha e Filhos,RR,+55 84 4870-1697
da Cunha - ME,MT,(081) 0808-9783
Moura,MA,84 5998 6379
Nascimento,MT,+55 (041) 6171-9899
Ramos,DF,+55 (011) 8333 5264
da Conceição,DF,61 5741-4988
Fernandes - EI,MG,+55 71 9262-8841
Rodrigues,AC,+55 (084) 6649-1056
da Costa,SP,+55 (041) 8079 8137
Cardoso Silveira - EI,PR,+55 (061) 3264-6281
Rezende,AC,+55 84 8967 0479
Cunha Monteiro e Filhos,RJ,+55 21 8014-7075
Novaes - EI,MS,(084) 3630-7807
Costa - EI,RS,(031) 9478 0493
Lopes,ES,0800-575-0657
Ribeiro - EI,MS,+55 (011) 1246 3665
Gomes,SC,(031) 3819-2623
Carvalho Ltda.,PI,61 8171 1784
Novaes,PR,0300-438-0953
Rocha,ES,81 4210-7866
Mendes - ME,AP,+55 11 0230 3219
Ramos,ES,31 9591 5105
Costa Cardoso S.A.,RO,11 6212 2295
da Luz,CE,(084) 4915-4835
da Luz - EI,PB,+55 (081) 8145 6616
Lima,RJ,+55 51 5579 5914
Campos,RO,(084) 9875 5442
Almeida S.A.,CE,61 8864-6271
Vieira Campos S/A,SC,+55 (061) 3886 6224
da Mata,RJ,0500 893 9336
Costa Melo S.A.,TO,0800 891 4648
Porto,AP,11 6130 3627
Dias e Filhos,SP,+55 31 1628-8023
das Neves,MG,0300 167 4021
da Luz,PB,(041) 6487 0854
Costa,TO,(011) 0341 2552
Ferreira,PR,31 1653-8810
Pires Pinto - ME,MA,0300-307-9205
Nogueira,BA,+55 11 9272-5541
Moraes,MG,+55 (071) 9489-6504
Caldeira Cunha - EI,MA,+55 51 1441 3695
Rezende,PA,+55 (031) 6161-4545
da Mata,PI,+55 (061) 9983-4325
Cardoso,MA,+55 (011) 9287 1793
Dias Carvalho S.A.,AP,+55 51 2804 0253
Campos Ltda.,DF,+55 31 1863 6501
Gomes Ltda.,DF,+55 71 6067-2886
Martins,SE,+55 (084) 8461 1650
Monteiro,AM,+55 71 1981 1465
Monteiro,SE,0500-470-0973
Gonçalves Ltda.,MA,+55 (031) 6452-6188
Pires - EI,RO,+55 (071) 5152-1791
Freitas,GO,81 5465-6167
Alves Freitas - ME,MG,(071) 7729 7503
Lopes - ME,RS,0900-624-5217
Duarte Pinto e Filhos,TO,(021) 4132 2576
Mendes da Cunha e Filhos,PR,+55 (071) 9252 9125
das Neves da Cruz S/A,AL,+55 (011) 2173-6331
Cardoso,PR,+55 (041) 7934-2461
Martins - ME,SE,+55 11 8407 4643
Azevedo Santos e Filhos,AM,0800 864 2362
Fogaça,CE,(021) 4713-2750
Barros - EI,ES,0900-854-6584
Souza da Mata - EI,AP,81 7759 9404
da Cunha Ltda.,SE,+55 (061) 0379 1996
da Conceição Alves - ME,AC,+55 81 9809-6300
Sales Dias Ltda.,AP,(051) 0191 0630
Costa Dias - EI,MA,(011) 4398-3468
Vieira,RR,+55 (071) 1525 6763
da Costa,CE,+55 (011) 6450 0763
Fogaça S/A,AP,+55 51 5387 6899
Moura - EI,AL,+55 31 4525-5625
da Rosa,BA,+55 (041) 5122 5793
Santos,CE,84 7397 4098
Almeida,PA,+55 (041) 4294 7992
Fernandes,RN,+55 (021) 3114 9621
Rocha Novaes e Filhos,MG,+55 (011) 7938 6448
Monteiro Sales S.A.,RR,+55 61 1630 1212
Silva Barbosa - ME,PB,(011) 6612 2428
Ribeiro,PE,0900-440-9908
Pinto,DF,+55 (021) 8660 4744
Barbosa S.A.,TO,(011) 1501 3494
Cardoso,MS,+55 61 8188 3253
Ribeiro - ME,PE,(021) 3783 0942
Pereira - ME,RR,(071) 1199-1986
Rocha - EI,MA,41 3977-0261
Gomes - ME,CE,84 6551-2408
Carvalho e Filhos,PI,+55 (021) 0675-4395
Castro,PA,(081) 1462-4036
das Neves,AC,+55 (081) 8718 4098
da Luz S/A,PR,+55 (041) 9437-4928
Farias - EI,MA,+55 31 1719-0088
Aragão Rocha e Filhos,RN,0900-154-9396
Nunes,MS,11 7331 3042
Oliveira S/A,AM,81 6683 7930
Souza,PA,31 1812 3788
Rocha Peixoto - EI,PE,+55 84 9001-5191
Sales - EI,RJ,(071) 9366-6776
Araújo,MA,+55 (081) 3859 0405
Rodrigues S/A,AM,(081) 7105-6826
Costa Nunes S/A,PI,71 3463-7075
Peixoto,RJ,+55 71 7213 1177
Silveira,PR,(021) 3682 6901
Ramos,MG,+55 81 0139-3289
Ramos,PE,+55 84 3143-4456
Pires S/A,RR,(021) 1899 4383
Nunes Barbosa - ME,SP,+55 (021) 7152-4730
Rocha S.A.,CE,+55 (081) 6094-2218
Duarte Cardoso Ltda.,MG,+55 (011) 6881 0109
Cardoso,PE,(061) 7886-3620
Oliveira Silveira Ltda.,MT,(031) 3502-1128
Cardoso e Filhos,RS,+55 61 1090-4790
Dias,RR,61 5740-5088
Campos,SP,(081) 9164 0769
Novaes - EI,RN,61 7201-9017
Moura Silveira - ME,DF,41 4472-3904
da Mata,PR,0800 039 5795
Oliveira Lima S.A.,MA,(021) 9439-2651
Moura,RO,+55 41 3629 6902
da Rocha Rodrigues - ME,AL,(061) 0410-9665
Nascimento Martins e Filhos,SE,0800 627 3637
Gomes e Filhos,AL,11 1688 3400
Cardoso Azevedo - EI,MG,+55 41 4006 9365
da Cruz e Filhos,BA,+55 81 1244-6605
Castro,TO,(084) 2479-6243
Azevedo,MG,(051) 9576 5127
Farias,SE,+55 61 2626-9989
Carvalho,DF,0500-657-9315
Oliveira - EI,RR,11 5814-6881
Nunes Castro Ltda.,BA,(081) 4895 4736
Alves Gonçalves - EI,MS,+55 (081) 8454 4163
da Cunha - EI,AM,+55 (084) 7504 6376
Costa,RO,+55 (041) 6092-4478
das Neves,RN,61 2452-5354
Cardoso,MG,+55 (061) 6202 9048
Duarte - ME,SC,+55 (041) 5722-3351
Almeida,MA,+55 (021) 1476 6047
Fogaça - ME,RN,84 4913 4258
Moreira,RO,(021) 9921-9174
Pinto S.A.,BA,+55 (031) 6385 2737
Fogaça Ltda.,TO,71 3066-9823
Dias,PI,0800-301-5914
Farias Ramos Ltda.,RJ,(061) 9372-4083
Santos,RR,(084) 1467 0192
Monteiro,TO,(071) 6496-0200
Nascimento,PB,(081) 8162-7165
Ramos,PR,(061) 5806-3120
Pinto,PE,+55 81 5528-1340
Cardoso Correia e Filhos,MT,+55 31 9865-6627
Dias,RO,+55 (071) 0383-6500
da Cruz S/A,RO,(041) 0639-9843
Lopes,SE,51 6873 8555
da Cunha Farias - ME,RO,71 8353 7597
Aragão,MA,+55 41 5214-4237
Almeida,MG,41 9244-2681
Pinto,MA,+55 (071) 9511 9308
Caldeira,AM,+55 (051) 4989 9490
Campos Novaes S.A.,AC,+55 (051) 1522-7618
Pires,AP,81 3329 5977
Nunes,PA,(081) 1090-8238
Nogueira Ltda.,RN,84 9991 7441
Teixeira - EI,MA,+55 (061) 9988 6929
Lima,AC,21 9893-5107
Oliveira Silva - ME,PB,+55 61 0431 2370
Novaes,RR,71 2647 4440
Melo da Cruz e Filhos,PB,+55 (051) 1294-5797
da Cunha - EI,CE,51 0481 3071
Campos S/A,PE,+55 (051) 0818-7239
Almeida,RN,(041) 0481-0723
Fernandes,AM,+55 (071) 7035-1740
Pereira,SE,+55 (084) 0168-6127
Gomes Rezende e Filhos,RO,+55 (021) 0551-1258
Teixeira,PB,(061) 7209-3738
Ramos - EI,MT,(051) 3973 0296
Fogaça,DF,+55 11 0155-1265
Pires,PE,0900-056-7673
Ramos - ME,GO,(071) 2866 9915
das Neves,MS,71 6302 0634
Monteiro,AM,(071) 0011-9957
Duarte Melo - EI,RS,(081) 0806-3677
Rezende,SE,+55 (081) 4435-2290
Gonçalves Costa - ME,ES,21 2042 3829
Dias Cunha - ME,CE,+55 11 2991 6904
Teixeira,ES,0900-746-4595
Pires - EI,AC,11 5926 3165
Alves,GO,(081) 9011 7025
da Mota,AC,0800-526-8249
Araújo Ltda.,AC,+55 71 4015 0514
Porto Almeida S/A,AP,+55 31 4555 6446
Oliveira Caldeira S.A.,AL,+55 61 8115-0427
Santos,ES,+55 84 5584 6898
Gonçalves,PA,+55 (071) 8000 3318
Silveira S.A.,SC,+55 (011) 3328 3376
da Rosa Pires Ltda.,PR,+55 (011) 1413-3956
Azevedo,MA,11 9331 2150
Peixoto,SP,(081) 9977 7499
Monteiro,MS,81 8623 3884
da Rosa,GO,+55 (081) 6362-6560
Ramos,AL,61 8873-3663
Ferreira,SC,(011) 8899 6721
Rezende,TO,+55 51 6308 3306
Sales,MS,+55 (051) 3920 7224
Sales Rocha e Filhos,TO,+55 (081) 7110 0168
Ferreira da Cruz e Filhos,SC,+55 (084) 8843 2967
Fernandes,TO,71 3200 1166
Dias,AL,11 3615 7829
Melo da Costa S.A.,PI,71 9234-0569
Barbosa Moreira Ltda.,PE,0300-397-5414
Silveira - EI,RJ,+55 (011) 7663-5690
Ribeiro,DF,11 3107 4043
da Luz,PE,0300 079 7413
Moraes S.A.,SE,+55 31 3520 8640
Ribeiro,MG,(084) 4242 5053
Lima,PB,51 9167 7430
da Conceição,SC,+55 31 9898-8844
Carvalho,RR,(051) 8578-8565
Silva,CE,11 8524-4412
Costela S.A.,BA,(061) 4550 1892
Correia - EI,MG,(031) 2391 9866
Vieira Almeida S.A.,PR,71 0527-9718
Pinto - EI,PE,(021) 7681-6810
Sales,GO,+55 (031) 0820-2161
da Cruz S.A.,GO,+55 (011) 1123-3190
Pinto - ME,PI,(061) 0144-3980
da Mata Monteiro S/A,GO,+55 81 1608 9343
Gomes,PA,+55 (081) 6830 1704
Costela,RN,0300-552-8203
Costa Peixoto - EI,AC,0800-720-1966
Nunes - ME,RO,31 2202 5039
Santos Barbosa S.A.,CE,(031) 8695-8255
Peixoto Costa - EI,CE,+55 21 2486 7274
Pires,RO,71 1230 7686
Pinto,SP,+55 71 2147 1014
da Conceição,MG,+55 61 9648-7452
da Luz,PE,21 6397-5684
Moraes e Filhos,RR,81 0281-8728
Souza,MT,21 5804 6013
Silva,DF,+55 (084) 1882 6225
Aragão,ES,+55 (011) 9316 4885
Vieira Fogaça S.A.,SC,+55 (071) 7545-1363
das Neves,PE,+55 11 3706-9752
Rodrigues Rezende S.A.,PR,+55 (084) 4050-8665
Cardoso Alves - EI,MS,+55 11 5177-8203
Vieira,PE,+55 (011) 6328 3452
Farias Ramos S.A.,MG,+55 71 6785 8077
Barros Silveira Ltda.,ES,+55 21 3548-2681
Aragão,MT,(051) 0402-0959
Cardoso Sales e Filhos,AP,(031) 6267 2505
Melo Ferreira Ltda.,TO,31 3868-9241
Nogueira,AL,(021) 6557 2563
Duarte Melo - ME,TO,+55 41 9214 9715
Moraes,DF,+55 (031) 0364 0574
Nunes,PA,51 2341 5585
Cunha,RR,+55 11 9950 0299
da Cunha,AL,(041) 9821-7012
Farias Farias S/A,PA,+55 (084) 3744 8761
Aragão da Rocha e Filhos,SC,(084) 2802 8140
Moura,RN,0800-014-6737
Ramos e Filhos,SC,61 2111 2493
Lima,SC,(084) 2490-1804
Oliveira Moraes Ltda.,MG,+55 (021) 6758-1075
Silva Lopes - ME,RN,+55 21 8011 7754
da Cunha Porto - EI,SP,81 5593 3903
Sales Moraes Ltda.,MA,0900-339-2130
Santos S/A,MS,81 8839-0582
Porto,RS,+55 (021) 7030 7480
Correia,PR,0800-377-1476
Moreira - EI,MG,+55 51 7938 4271
Moreira - ME,PR,(081) 7822 9010
Gonçalves Ltda.,PB,0500-821-0506
Gomes S.A.,PB,0300 199 5665
Moreira,PI,(071) 6982 3192
Nunes Cavalcanti Ltda.,RR,(051) 5248 6905
das Neves S.A.,PI,31 9403-7076
das Neves Nunes S/A,AC,+55 31 5803-1360
Moraes Duarte - EI,AL,+55 81 6457 2552
Nunes Ltda.,MS,+55 (071) 6002 4491
Moreira da Rocha Ltda.,AC,0800 849 2382
Sales Ltda.,PR,81 6656-8416
Teixeira,MT,+55 (061) 9626-4045
Mendes Souza S.A.,AL,84 0561 9938
Araújo,SP,+55 11 0795 0411
das Neves,PA,21 0938-6048
Oliveira da Conceição e Filhos,DF,+55 81 4719-5354
Ramos Duarte - ME,DF,84 7184-7994
Caldeira da Luz Ltda.,RS,(021) 1634-8313
da Cruz Duarte Ltda.,PE,+55 (041) 7311-1838
Pires,RJ,+55 41 2592 2041
Porto,SP,(011) 8950-8079
Castro Sales Ltda.,RN,31 1816 8567
Ferreira,MT,+55 (084) 4914-4657
Moura,PI,(061) 6344 3883
Caldeira - ME,ES,(021) 5659 7480
Rezende,MS,31 5016 1372
Gomes S.A.,AP,0500-478-9870
Melo Cardoso e Filhos,GO,+55 (021) 1031-1981
Freitas,AM,+55 (071) 2697-3230
Carvalho,TO,21 6416 6744
Fogaça,AL,31 5588-7474
Moura,MA,+55 (051) 3986-3382
Lopes Ltda.,PE,21 1135-5316
da Conceição,PR,+55 (061) 2266 2493
da Luz,PR,+55 21 0357-1641
Fogaça Fogaça - ME,TO,+55 84 6186 4468
Araújo,SE,+55 (051) 1420 2400
Fogaça,RS,51 5104 0748
Sales da Mata e Filhos,PR,+55 31 5406-4352
Teixeira,AM,+55 21 4312-9088
Alves Campos Ltda.,MA,81 6299-2369
Ribeiro,PR,(084) 5669-8173
Nogueira,MS,61 7461 1088
Freitas,RR,+55 11 8320-3066
Lopes,SP,51 5291 3844
da Rocha,RO,+55 71 2362-0349
Dias,MA,+55 (021) 5755-9208
da Luz S.A.,MS,0800 807 8820
Gonçalves Rodrigues S.A.,DF,0500 887 3996
Duarte Ltda.,GO,(041) 5245-5836
Monteiro,TO,(061) 8097-5428
Nogueira S.A.,PA,41 4082 3571
Freitas Caldeira - EI,GO,31 1720-6838
Silva,MS,(041) 5183-3788
Pereira Ltda.,PR,51 0201 7259
Souza,DF,0800 064 1363
Teixeira,RO,+55 21 2407-3222
Teixeira,MG,51 8627 3018
Moura,RN,0500 360 7618
Freitas Ltda.,RO,+55 51 2318 0045
Gonçalves da Mota - ME,AC,+55 (011) 1876-6113
Santos Ltda.,SC,+55 41 6494-7843
Costela,BA,+55 31 6516-4884
Araújo Ltda.,PA,(041) 6030 1116
Dias Pires - ME,ES,+55 (061) 6792 4287
Nogueira S/A,BA,(061) 8454 3694
das Neves S/A,AC,+55 41 2567-9361
Rocha Cardoso S.A.,MS,+55 81 8481 3270
Duarte,DF,21 3970 8189
Pereira Ltda.,RR,81 7253-6245
Castro,AL,41 0443 3241
Lima,TO,61 5096 1305
da Rosa da Costa S/A,PB,+55 (084) 7016-9190
da Cunha Moreira S.A.,AM,(011) 4029-8489
Rocha,AM,21 9189-5720
da Conceição,MG,+55 (084) 5235-3619
Carvalho,MT,31 0056 1868
Novaes,TO,+55 61 2519 2486
da Luz,AC,+55 81 4122-9286
Jesus Araújo e Filhos,MS,(081) 6407 4582
Novaes,RS,(021) 7306-1216
Silveira,TO,+55 71 6906 1369
Cavalcanti Alves S/A,PE,+55 71 5545-6598
Cardoso,PA,0500-370-3935
Dias,PA,0300-173-6862
Duarte - EI,DF,+55 31 7348-5222
Correia S/A,AC,+55 (081) 5646-6454
Cardoso,AP,+55 (071) 9510-2791
Alves e Filhos,ES,(081) 1024 3570
Jesus Barbosa S.A.,RJ,84 2054-8042
Correia - ME,PR,41 9751-9873
das Neves - EI,RO,21 4496-8793
Cardoso,AM,0900 416 6756
Freitas Ltda.,SE,+55 (011) 5094 9298
Carvalho da Cunha - ME,RS,0500-723-9753
Oliveira - ME,AM,+55 (061) 5413 4153
da Cruz,RO,0500 545 2020
da Luz Castro e Filhos,CE,+55 (061) 5781-0925
Aragão,AP,(071) 7717 9039
Oliveira,MA,21 4175-8486
Duarte Santos S.A.,AL,0500 464 4204
Correia,RN,+55 51 5952 3829
Cardoso S/A,RR,(071) 6833-1954
Freitas,MT,(051) 2704-1196
Fernandes e Filhos,RS,+55 11 5604-7490
Carvalho,AL,+55 (031) 2625 2488
Ferreira,AM,(061) 3241-0951
da Paz S.A.,GO,0900-768-8981
Santos Farias Ltda.,SC,(051) 1468-3670
Barros,SC,41 6769 6208
da Luz,SC,+55 51 6406 3230
Fogaça Barbosa Ltda.,CE,(071) 5065-9286
Lopes e Filhos,RS,+55 21 5274-4661
Rocha,RN,+55 (041) 1288-3711
Gomes - ME,RR,(041) 8578-5535
Rocha,ES,+55 31 8022 4849
Dias,TO,+55 71 3173-5197
Campos,RS,41 9873-3112
Castro,AP,+55 41 3482-5523
Costela Fogaça S/A,MS,11 3212 3517
Porto,AL,+55 71 8221-7666
Pires Ltda.,AL,+55 (061) 7925-0288
Pinto S.A.,SP,21 6291-7724
da Conceição,GO,+55 (081) 2693 5722
Cardoso,MA,(084) 4687-6595
Cardoso,SP,+55 (021) 7931 4614
Pereira Rezende S/A,AC,(071) 2101 6681
Fernandes,RR,11 7956 9932
Nascimento,GO,21 0560 2217
Santos,PR,+55 61 6509-1940
da Conceição e Filhos,RJ,31 0610 9325
Rodrigues Costa - EI,PA,+55 (041) 3271-8964
Rodrigues - ME,SC,(061) 5594 8945
Peixoto,MS,+55 21 0587-4404
Gomes Alves - ME,AM,84 2052 0203
Cavalcanti,MA,84 0317 4947
Moura,AM,+55 (031) 1258 1791
Cunha Martins e Filhos,SP,+55 61 9285 2847
Novaes,MS,+55 (051) 0830-8218
Monteiro,PR,+55 41 9765-0382
Porto,AC,+55 71 7998 0458
Costela,AC,+55 61 2272-6003
Pinto,RR,51 8623 3187
Moura - ME,MT,84 6262-0520
Nogueira,SE,+55 (041) 9910 9890
Lopes Rocha - ME,AL,+55 (011) 7068 8018
Nogueira,TO,+55 11 6641-1645
Porto - EI,DF,+55 71 3914 4465
Pires,DF,+55 11 8066-3498
Dias e Filhos,DF,+55 (021) 5870-1324
Cardoso Moura - ME,RN,(021) 6062-8369
Dias,SP,+55 11 6400 5223
Vieira Barbosa - ME,AP,(081) 0145 9167
Gomes S/A,RN,21 0296-6101
Oliveira,PB,+55 (071) 2855 7323
Freitas,PE,31 4330 6705
Fernandes Ltda.,PI,+55 41 4761 7631
Alves Ltda.,RN,+55 (061) 9945 9856
Monteiro - ME,RS,+55 41 7962-4312
Nascimento Correia - EI,SP,(084) 9637-1219
Barros Nogueira e Filhos,RO,(061) 4708-3613
Cardoso,TO,(031) 0105 0930
Alves,AP,21 4189 4524
da Mota S.A.,RS,+55 (021) 0678-2759
Ferreira Rocha S/A,AP,71 5846 8403
Novaes,ES,(041) 6112 4244
da Mota da Mata e Filhos,AP,11 8244-4160
Moraes,PR,0500-772-7296
da Mota,MG,+55 21 8819-5941
Gonçalves Sales - EI,DF,+55 61 1050-9954
Freitas Mendes S.A.,AM,+55 (041) 7027 4710
das Neves Peixoto - ME,RO,+55 (081) 8103-0779
das Neves Araújo S.A.,RS,51 6511 7683
Mendes Porto - ME,AP,(041) 1155 0173
da Conceição,RO,(021) 9955-4039
Caldeira e Filhos,PE,+55 (021) 6789-2300
Moraes,SE,+55 41 2191 9754
Araújo Freitas - ME,PR,21 0295-2369
Silva,RR,81 8158-3919
Lima - ME,TO,(031) 5822 6498
Cardoso S/A,SC,+55 (081) 3037 2504
Barbosa Oliveira S.A.,RS,81 1065-2841
Rodrigues,RR,71 5298-0719
da Cruz,RJ,(084) 9402-8850
Aragão Ltda.,GO,(041) 8286-9957
Carvalho Ltda.,MS,(071) 1405 2703
da Costa,GO,(061) 6194-0933
Farias Viana Ltda.,BA,71 5038-4686
Cavalcanti,RJ,11 1608-3452
Almeida,PA,+55 (031) 8860-7126
da Mota Melo Ltda.,RJ,(071) 7865-9803
da Cruz,RO,+55 81 4961 0113
Silveira e Filhos,AC,+55 (071) 9482 6415
Alves,RO,+55 (084) 8178-1678
Ramos Ltda.,AM,(011) 5702-2120
da Luz Almeida Ltda.,AP,(081) 2814-8704
Fernandes,PB,(041) 1657-7728
da Cruz Oliveira - EI,MG,(071) 3904-5532
Rodrigues,AL,+55 21 6206 9976
Caldeira S.A.,RN,41 8022-1467
Rocha,SP,(084) 6382 2625
Rocha S.A.,BA,(051) 0424-2926
da Conceição das Neves S.A.,DF,41 8719 7871
Silveira,SC,81 8787 9133
Rezende Ltda.,RJ,+55 (061) 4709-9597
da Luz - EI,SE,(051) 6546 0701
Novaes Ltda.,SE,+55 (051) 6567-6520
Moraes,PA,(061) 1795 0449
Cunha,PI,+55 31 0263 0644
Dias,RS,(081) 2572 3435
Cardoso Ltda.,ES,+55 21 4922 3671
Rezende,RN,(084) 8762 2562
Viana,DF,11 7359 7549
Azevedo S/A,MS,11 6754-3560
Almeida,RN,+55 31 5430 2469
Pereira,MA,+55 21 5555 0919
Costa,PE,0900-600-2102
da Conceição Barbosa - ME,ES,(071) 2936-1039
Pinto,MS,0500 755 6081
Fernandes,CE,+55 (021) 1555 6797
Cavalcanti,RJ,(081) 6624 6409
Novaes da Mota - ME,PA,(051) 0852-3976
Pinto Ltda.,PB,(031) 3354-3535
Rocha Melo - ME,PE,51 4424 0690
da Cruz S.A.,SC,+55 81 5431-2125
Martins Fogaça - EI,GO,+55 41 6099-9619
Dias S.A.,AL,+55 (071) 2482 8457
Dias - EI,MG,+55 41 6809 9541
Monteiro,PR,+55 (031) 6519-4531
Cardoso Novaes Ltda.,SP,+55 61 0964-3026
Freitas,SP,+55 (051) 1332-4386
Rocha Lima S.A.,PI,11 6561-0673
Azevedo,TO,(081) 7838 4308
Ramos,PA,+55 (021) 3444-7286
da Paz S/A,RN,+55 (031) 5385-7298
Nogueira,AL,+55 71 6393-2774
Gomes e Filhos,PE,+55 (011) 4328 8235
Peixoto - EI,CE,(071) 4893-0513
Caldeira Caldeira - ME,PB,(084) 4512 3944
Sales,RJ,+55 (051) 1176-2384
Pereira,AL,61 8322 9865
Cardoso da Cruz - ME,AL,+55 (031) 5067 8803
Dias - EI,PA,(031) 0814 8802
Aragão,DF,+55 (051) 5785-7012
Viana,AP,(071) 9037 2513
Oliveira das Neves S/A,CE,84 5611-5461
Duarte Silva - ME,PI,31 1821-3887
Barros - ME,RJ,41 5268 7102
Cavalcanti Nogueira e Filhos,DF,0800 747 7777
Gomes Viana S/A,RN,41 2973 6568
Teixeira das Neves - ME,PI,21 6513 1802
das Neves - ME,RR,(011) 9235-9818
Caldeira - EI,RS,+55 84 4085-9740
Aragão S.A.,GO,+55 (011) 1682-0713
Cardoso,SE,+55 61 5511-4073
Santos da Rocha - ME,AC,+55 (084) 5437-4396
Castro S/A,PE,61 2623-8271
Araújo da Rosa - ME,RR,(031) 0049 3546
Duarte,SC,21 3805 5699
Barbosa,DF,11 8150-5639
da Luz Costa - EI,RO,51 7321 4472
Barbosa Pinto S/A,PA,(021) 2664 4231
Rezende,BA,51 4078 0477
Fogaça,PE,+55 (071) 4466 7214
Moura,BA,(031) 0270 5926
Nunes e Filhos,ES,31 9213-0724
Oliveira,CE,+55 84 2996-4359
Caldeira - EI,MA,(081) 8574 1600
Nunes,DF,+55 71 4936-2783
da Paz Viana S/A,MT,+55 11 2723 3338
Barros,BA,0900-815-4821
da Rosa,CE,61 4321 7878
da Costa S.A.,DF,11 8880 8820
Porto,SE,(031) 5596 4691
Nogueira,SE,+55 51 5026 2991
das Neves,RR,(081) 4186 7320
Pires S.A.,SC,+55 (021) 9775 8468
da Cunha Aragão Ltda.,AP,84 5129-6730
Lopes - EI,MS,+55 (011) 1258-6860
Ramos S/A,PB,+55 (031) 8764-6790
Nascimento,SC,41 3470 9596
da Mata,AM,0500 977 6968
Rezende e Filhos,RO,51 9711 1072
Nunes Castro - ME,PA,+55 (011) 8251 3692
Aragão Barros S.A.,RO,81 4148-8783
Moreira Ltda.,RS,+55 (071) 5354-0269
Gomes,RN,+55 51 2482 8138
Azevedo,AM,31 3661-2079
Gonçalves Peixoto e Filhos,RN,+55 84 1885 2017
Costela Pereira Ltda.,RN,(031) 3962 9503
Silveira,GO,+55 (031) 1429 8840
da Mata,AL,+55 51 4498 6976
Cavalcanti,BA,11 8174 0738
Barros,SE,21 9227 4591
Silveira,RJ,0300-049-0806
da Cruz,MT,31 1176-6927
da Cunha,RS,+55 (051) 2371-5998
Nogueira,AM,(061) 3798-7473
Fernandes,PE,41 4168-8600
Araújo,SP,(031) 3074 8641
Moreira,DF,+55 (061) 8461 4997
Sales,SP,+55 (071) 1610-9678
Ramos Rodrigues Ltda.,GO,+55 (031) 1393-4050
da Rosa S/A,AM,21 1051-0902
da Cruz,PE,(011) 2352-2188
Pinto,RJ,+55 (011) 3457-2161
da Cunha,MG,+55 31 5749-0591
Freitas,PR,31 3437 0439
Castro Ltda.,AM,+55 81 1155 6655
Costela,RR,(084) 8009 7631
Viana,AL,(061) 7779 9638
Nogueira,RN,(051) 5340 3728
Pinto,RS,(021) 4126-3175
Azevedo S.A.,BA,(081) 4340-2140
Castro,AL,71 3543-1760
Costela S/A,PI,+55 (084) 6131-2049
Fernandes Ltda.,SC,+55 21 1048-2581
da Paz Moreira S/A,RR,+55 (071) 8283-4054
Martins,AM,(081) 1516 6897
Cardoso Ltda.,PB,+55 21 9570-8938
Fogaça,PA,+55 (061) 2859 0456
da Cruz Alves - ME,RJ,(061) 1933 4987
Freitas,PA,(051) 9156-3747
Costa Ltda.,GO,+55 71 9864-9048
da Paz,RN,+55 21 4303-0578
Campos,GO,+55 41 6753-4480
Caldeira,BA,61 3538-1431
Barbosa,GO,+55 (061) 3323-5521
da Cruz da Rocha e Filhos,MA,(021) 6523-9353
Carvalho Novaes S/A,ES,(021) 9929-3149
da Costa da Cunha Ltda.,ES,(084) 8129-0827
Rodrigues,AP,0300-893-7608
das Neves S/A,RJ,21 9191 4570
Vieira,AL,(081) 6942 9124
Costa Aragão Ltda.,MT,51 8972 3041
Aragão Silva e Filhos,PB,(041) 9392-2123
Alves Ltda.,RJ,+55 (021) 3734-2597
Araújo,PB,+55 84 2985-5970
Alves,SC,(031) 9789 7862
Monteiro,RR,0800-884-5150
Lopes - EI,AC,61 5897-0573
da Costa - ME,AM,(021) 8335-2927
da Mata S/A,CE,41 2032 4621
Peixoto,AC,41 3660-7506
Nascimento,RN,11 1431-7919
Melo,PB,+55 21 7220 8691
Duarte Cunha S/A,MG,31 2965 8453
Ferreira,SE,+55 (031) 4677-9306
Teixeira Cunha Ltda.,RR,0900-549-4553
Santos,RN,0800-572-8634
da Rosa Moraes S.A.,BA,+55 (081) 1798 2257
Porto,SE,(011) 0223-7723
Moreira,RR,+55 81 0307-6578
Barros,MT,+55 (071) 4238-3692
Pinto,RN,+55 (051) 4997 8977
Rodrigues,PA,84 2553-0980
da Mota - ME,PE,+55 (084) 8096 7015
Sales S/A,TO,(084) 1414-8619
Silva Freitas e Filhos,PA,21 2220 1049
Correia da Mata Ltda.,RJ,(084) 0745-3969
Carvalho,RO,(011) 9618 3941
Cunha Costa - ME,MA,+55 (084) 1623-1935
Carvalho Correia Ltda.,AP,+55 31 7887 8505
Nascimento Cardoso - ME,BA,21 0532 1362
Duarte,RS,+55 11 2874-7996
Dias,RN,(081) 5623-3076
Viana Teixeira - ME,RR,0900-259-6463
Gonçalves,SE,+55 81 2848-3920
Cardoso,PB,+55 (061) 8453 5277
Campos,GO,71 9895 6183
da Mata,RR,+55 21 7753-4382
Araújo,GO,41 6750-5302
Duarte - ME,MT,+55 71 8482-1004
Nunes Peixoto - ME,BA,+55 71 4085-6642
Fernandes,MS,0500 110 7071
Dias da Mata - ME,DF,+55 51 6445 7563
Mendes Vieira S.A.,MG,+55 (061) 1664-7749
Azevedo,AM,31 5545 5707
da Mota,PI,+55 (081) 7911-0047
Lopes,MG,0900-096-5304
Caldeira da Conceição - EI,SP,(084) 5129-1628
Pereira e Filhos,SP,41 6263 4082
Barros,PA,+55 (084) 0949 2487
Fogaça,BA,41 1859-4534
Nascimento S/A,MA,(021) 9759 5372
da Conceição,RN,+55 21 4421-2777
Vieira,SC,11 7280-2924
Nunes,GO,0900 515 8446
Jesus Fogaça - ME,SE,+55 11 4675-9009
Sales da Paz e Filhos,MS,0800-481-6579
da Cunha,SE,+55 41 2417 3466
Lima Ltda.,DF,51 9680 5162
Rodrigues Dias - ME,PB,+55 81 3945-8651
Teixeira - EI,AC,(051) 8257-2542
da Paz,SE,+55 61 0968-8439
Gomes,DF,41 4611 0218
da Rosa Ribeiro S.A.,MS,0500 411 9095
Barbosa Rocha - EI,RJ,+55 (084) 9676-0773
Azevedo,AM,+55 61 9676-6089
Cavalcanti da Conceição - ME,SC,+55 11 5958-6992
Porto,RR,(061) 7699-3052
Nascimento,DF,+55 (051) 0699 3013
Barros,ES,(081) 6446-1075
Silveira Monteiro S.A.,MT,(084) 0207-1446
Vieira Ltda.,RN,+55 71 7249-3757
Nunes,MS,+55 81 4540-5722
Ramos - ME,MT,(061) 7414-4131
Rocha - ME,RR,(021) 8254-6337
Fernandes,SP,+55 (084) 5229-5350
Moreira,PE,+55 51 9448 3336
Gonçalves Mendes S/A,PI,+55 (071) 0469-3657
Santos,MT,(041) 4462 7758
Vieira e Filhos,SE,+55 (041) 1369-9114
da Costa S.A.,AC,+55 (061) 8408-0997
das Neves,DF,+55 11 9402-4999
Costela,MG,+55 (011) 8921 6596
Moreira,RO,+55 21 9188-0045
Costa e Filhos,SP,+55 11 9290-8578
Vieira Lima S/A,MT,71 5091-7438
Mendes,PA,+55 21 5541 1417
Fernandes Ramos Ltda.,SC,+55 (011) 7423-5814
Caldeira,MA,+55 (061) 0075 7269
Porto,AP,+55 71 6203-3008
Novaes - EI,GO,+55 21 5824 3823
Vieira e Filhos,BA,+55 61 2966-6031
Silveira Teixeira - EI,MA,+55 21 7987-5394
Sales e Filhos,PB,(081) 3541 8046
das Neves,SP,+55 (011) 8422 0730
Pinto Ltda.,PA,(041) 7275-2941
Alves Viana - EI,PR,(031) 5252 1517
Caldeira S/A,RJ,0300-901-6500
Azevedo - EI,SE,(061) 1816 2513
Silveira,PA,(084) 0611-8496
Correia - ME,AP,+55 41 1462 4564
Fogaça Jesus S/A,MT,0500 349 7945
Araújo,MT,+55 (031) 0058-7815
Moura da Cruz S/A,RS,0900 983 1804
Alves Carvalho - EI,PR,(081) 3341 8623
Nunes da Paz - EI,MG,0900 497 9494
Lima Silveira S/A,PB,+55 84 4990-1649
Martins,RS,+55 (041) 5133-6164
Cavalcanti Pinto S.A.,PI,+55 11 3135 4094
Lopes Silveira S.A.,AC,0900 004 5903
Jesus Viana S/A,SE,(021) 9105-7647
Lima,AM,(051) 3608-2646
Almeida,SC,+55 21 6414-0523
Ribeiro,MG,+55 41 6906-6388
Cardoso Ltda.,BA,+55 (011) 0479 0977
Nunes Araújo - EI,PB,+55 (031) 8251 1865
Nascimento Moreira - EI,MT,+55 (051) 2700-5442
Pinto e Filhos,AL,+55 (061) 6264 1909
Barbosa Ltda.,MA,+55 51 3803 6435
Teixeira,MT,0500 407 1039
Dias - ME,PA,81 0458 0374
Ferreira da Cunha - ME,DF,84 4404-5746
Santos Oliveira Ltda.,RN,+55 71 0165 5873
Cardoso Mendes S.A.,MT,+55 (041) 3531-1692
Fogaça,GO,+55 84 1087 4097
da Cunha Gomes Ltda.,MA,(051) 6578-9906
Nogueira - ME,ES,(011) 1714-9639
Gonçalves,PB,+55 (041) 3388 1386
Moreira,RO,+55 (021) 1411-0994
da Mata,SP,0900-413-1030
Nogueira S/A,RN,84 1076 5377
Nogueira,CE,61 3397 9216
da Luz,PR,(081) 0706-7610
Souza,CE,+55 31 0837-2493
da Rocha,MA,71 2814-1988
da Conceição,SC,(031) 5932-7963
Campos S/A,RR,(084) 6981-5255
Oliveira Porto e Filhos,PB,+55 (061) 7420 3557
Correia,MA,0800-054-4911
Pinto Ltda.,AL,(081) 8792 3630
da Mota Pereira - ME,RN,41 5369-8814
Nascimento,RR,41 0113-8695
Barros,AM,+55 (061) 0028 0608
da Luz - EI,RJ,+55 (011) 6056 7141
Melo - EI,PA,+55 (021) 8337 0626
Porto Silva Ltda.,AP,0800-538-0130
Peixoto S.A.,MT,+55 (051) 6900 7768
Teixeira Ltda.,ES,84 3456 3303
Freitas,SC,(084) 5652 6445
Nogueira,AM,84 9633-8977
Caldeira,RR,0500-409-9377
Duarte,PE,+55 51 3878 5475
Freitas - ME,AL,84 3568-9749
Barros,RO,+55 81 3478 1367
da Rosa,GO,+55 31 1979-0173
Ramos,RR,(021) 2809 9909
da Mota,RR,+55 (041) 3248 2593
Duarte,MG,+55 21 7276-9474
Ribeiro - ME,PE,+55 61 0648-2389
Dias,PI,+55 61 4289-8942
da Mata,RN,+55 (084) 5760-2763
Teixeira,RJ,+55 (061) 4031 4982
Correia,RR,+55 (071) 3118 8440
Nunes,SE,(071) 1030 4221
Peixoto S.A.,RJ,+55 (021) 1819 6630
Dias Araújo Ltda.,RN,+55 (021) 3594-4323
da Luz,SC,+55 (051) 7954 1921
Ribeiro e Filhos,RO,+55 51 7702 5046
Rocha da Mota Ltda.,CE,(071) 0380 8849
Santos,AC,+55 (084) 9723 6654
Silveira e Filhos,PA,0300 003 7835
da Costa,RS,+55 (011) 3510 4904
da Luz Barros S/A,RS,81 5256 7843
Correia,RN,41 9290 5476
Cardoso,GO,+55 41 5245-7773
Costa Monteiro e Filhos,RO,+55 (041) 3826 5072
da Luz Barros S.A.,RN,+55 51 1484 6540
Jesus da Rosa S.A.,MS,+55 (011) 8344 2552
das Neves,AP,+55 81 9008 2221
Teixeira - EI,RO,+55 11 9665-3695
Fernandes S.A.,ES,11 8360 9135
Nogueira,RJ,+55 51 6571 0745
Azevedo Viana - EI,RR,(021) 7596 7256
Freitas Cavalcanti - EI,SP,41 8901-4028
Pereira Azevedo S/A,RR,0900-680-0395
Peixoto S.A.,RJ,+55 81 3417 3163
Araújo - ME,DF,+55 81 2049-9436
Oliveira,RR,(021) 6685-4999
Fernandes,RJ,51 7619 8709
Castro,CE,(051) 4946-1840
Melo Rezende S/A,MG,+55 (031) 9708-2471
Rezende,PE,+55 84 7976 1669
Fernandes Teixeira e Filhos,RS,0900-088-8303
Moraes,PE,+55 81 1315-1894
da Mota,PA,(021) 4396-1560
Vieira - ME,RO,+55 81 9494 0706
Cardoso - EI,GO,+55 61 2313 0667
Pinto Jesus - EI,MS,(051) 0974 2063
Araújo,CE,(071) 9659-9223
Lima,RO,(081) 2831-4346
Sales - EI,PE,11 2504-9151
da Conceição e Filhos,CE,51 5757 5256
Moreira,RS,(084) 0060 9170
Alves,CE,+55 41 4857 7715
Sales Duarte S.A.,PI,84 8630 9812
Alves S/A,GO,+55 (081) 2061-2171
Nascimento - EI,RO,+55 (081) 9703-5649
Cunha,BA,(061) 0458 4021
Farias da Cunha S.A.,SC,0800 260 3133
Sales,RS,+55 61 3986 4804
Cunha Santos S.A.,MS,+55 (021) 9876 2275
da Paz Ltda.,AP,+55 84 1163-4937
da Luz,MA,+55 51 6443 2493
da Mata - ME,PR,+55 81 9086-0523
Cardoso Ltda.,PB,(031) 0078-4127
Campos,MG,0500 039 3957
Duarte,AP,61 9333 3887
Mendes,AM,61 9422-9346
Caldeira Araújo e Filhos,BA,+55 (071) 1636-8644
Nunes Viana S/A,SE,21 1970-0807
Cardoso,PE,(051) 5459-7060
da Paz,PA,41 8311-1001
Aragão S.A.,SC,(071) 7310 4123
Pires,PB,71 8813-0561
Viana e Filhos,TO,(071) 9736-6678
Cunha,PI,71 5229-7673
das Neves das Neves e Filhos,PI,+55 (041) 3899 4544
da Luz,PR,+55 81 5849 0683
da Paz da Cruz e Filhos,AL,+55 (011) 1685 6812
da Luz - EI,ES,0500-867-6743
Ramos S.A.,RS,71 5699 9206
Moura,RN,41 3356-3148
Alves,MT,(084) 6988-6348
Correia,AP,+55 (011) 0664-3995
Pinto,MT,+55 (061) 5915 4278
Almeida,PB,+55 (051) 6160 2275
Gonçalves - EI,MT,+55 (081) 8497 0435
Gomes,MS,+55 (051) 6771 2640
das Neves,SE,0800 952 1225
Novaes S.A.,TO,(031) 6768-3869
Nunes Pinto S/A,RO,0500 035 7105
Ramos,PA,+55 (071) 9315 5195
Fernandes - EI,AM,+55 (021) 3877-7911
Rodrigues S.A.,AM,+55 (031) 9092-2861
Araújo Pereira e Filhos,MG,41 6706 7942
Barros Jesus S/A,MT,(061) 7418-8026
Pereira,PA,+55 84 0226-1674
Cardoso - EI,TO,+55 41 1717-3983
Cavalcanti Ramos S.A.,SP,21 4261-9417
Silveira Pereira Ltda.,AC,+55 41 9121-2552
Peixoto - EI,RO,(031) 1490 5006
Costa,GO,+55 (084) 3442 1537
Carvalho Peixoto e Filhos,RO,(021) 4166-7810
Dias,ES,71 4419-8116
Barbosa,MA,21 5962-3238
Pereira,RO,+55 (071) 6231-0689
Monteiro,RJ,51 8683 9150
Mendes da Cruz S.A.,RJ,+55 81 0085-9905
Aragão Souza Ltda.,AL,84 2073 5113
Jesus - EI,MA,(071) 1654-3211
Pinto Ribeiro S/A,AC,71 2449-0775
Campos,RN,41 2971-1382
Silveira,RS,+55 (081) 6225 2726
Pires S/A,BA,0900-617-6214
Barbosa,ES,(061) 4305-0051
Novaes,PE,(081) 1067 5574
Peixoto,RR,+55 71 8133 7228
Martins e Filhos,PE,61 1341 0280
Costa S/A,SE,+55 (084) 0105 9378
das Neves Freitas - ME,SE,+55 (071) 1595-0887
Novaes,PR,+55 (061) 0437-3091
Fernandes - ME,RR,+55 31 6067-0388
Cardoso - EI,PB,(051) 1704-9971
Rodrigues Rodrigues Ltda.,MS,+55 (061) 8675 5907
Fernandes,AC,(071) 0644 2573
Lopes,AL,(031) 5483 1183
Souza,AM,+55 (081) 1157-7208
Nascimento Ltda.,MG,71 2867-0180
Silva,MT,71 5773-0468
Freitas,RN,+55 (041) 5048-9724
Freitas Teixeira Ltda.,SE,61 0535-6326
Novaes Lopes e Filhos,BA,+55 (061) 5265 5531
Fogaça,RJ,+55 41 7489 8568
da Rosa,ES,+55 71 2859 9802
Santos,MG,84 8499 2116
Aragão,RJ,+55 41 7867 4927
Silveira,SP,81 9590-0996
Ferreira,RO,+55 81 7033 9999
Pinto,CE,+55 (021) 2812 6523
Freitas - EI,AM,(021) 9573-7143
Rocha S/A,MT,11 7698-7675
Aragão S.A.,ES,(081) 5639 1260
Ribeiro Ltda.,PR,11 5063 2911
Cavalcanti Martins e Filhos,RO,(021) 6115 6390
Teixeira,AL,81 2244-8944
Cavalcanti Ramos S.A.,RJ,+55 (041) 5761-7757
Duarte,ES,51 7307 5010
Ramos Pereira S.A.,DF,0800-088-9805
Lopes Ltda.,PE,+55 (021) 6663 1302
Silva,TO,81 2775-9324
Fogaça Rodrigues - EI,MS,(061) 6170-7827
Novaes,BA,+55 21 3424 5983
Ferreira,CE,+55 51 5056 6991
Azevedo,PA,(031) 7392-4269
Cavalcanti Almeida e Filhos,ES,81 0947-3449
Santos Cavalcanti - ME,MG,71 3899-3887
Souza Costela S/A,SP,51 9482 6728
Santos,SE,0800 727 7504
Porto,RS,+55 (071) 3489-9350
da Mota Rodrigues - ME,RO,+55 51 6962 9860
Mendes,PR,+55 (041) 5113-4540
Melo,SP,+55 81 6524 1789
Ribeiro,AC,84 1459-5187
Rodrigues Souza e Filhos,MG,+55 84 6092-9494
Martins S.A.,MA,(011) 3733-1205
Nunes e Filhos,PE,0900 606 5264
da Mota - EI,MS,+55 84 4956 5843
Melo,RR,51 6305 6748
Costela - EI,RN,21 8862-2447
da Conceição,AP,(071) 1527-8004
Barros,AC,(031) 6412-3830
Moura,SE,(081) 4513 0465
Cardoso,MG,+55 84 7261-9277
da Luz,PB,+55 (011) 7286-3758
Costa,AC,+55 51 5637 6408
Rocha Duarte S.A.,MG,+55 (061) 6563-3491
Duarte,BA,+55 (084) 7453 1213
Ferreira,SP,+55 (051) 2261-8656
Duarte,PR,71 9335-8772
Cardoso S.A.,GO,21 1364-4693
Cavalcanti,BA,(071) 0780-9263
Monteiro,BA,+55 (051) 9191-8018
da Rosa Campos e Filhos,PI,+55 (031) 2003-9197
Rocha Rodrigues e Filhos,GO,+55 (061) 8895-6281
Santos S/A,DF,+55 31 2234-1555
da Conceição Gonçalves e Filhos,PI,0900 832 1828
Moraes Oliveira - ME,PI,(051) 3492-5927
da Costa Azevedo - ME,RJ,+55 (021) 2723 4563
da Costa,RS,51 9965 3580
Pereira,PI,(061) 6543 2440
Jesus,PB,+55 (041) 9591-5031
Azevedo,PR,+55 (041) 4040-3962
da Paz - EI,SE,+55 (011) 8623-0988
Silva S/A,SE,21 3205-9419
Santos,AM,+55 (031) 7965-5333
Martins,MG,(031) 5654-6940
Lopes,BA,+55 84 6107-9884
Lopes,RN,(031) 6358-3301
Duarte S/A,AP,+55 (041) 1500 3644
Souza,PI,(011) 9351-9534
Gomes da Mata e Filhos,SC,84 2765-2795
Moraes e Filhos,DF,(084) 9469-3900
Vieira - ME,MG,+55 (081) 3417-8689
Oliveira,PB,+55 84 7484-3681
Moura S/A,RO,61 9464-6897
Pires S.A.,RN,+55 (031) 2186-4384
da Cruz Oliveira - ME,CE,+55 84 1639 9263
Freitas da Mota Ltda.,MS,61 9614 9599
das Neves Martins S/A,SE,0900-303-9464
Rodrigues,RS,41 1322-9019
Dias,CE,+55 (051) 0650-8581
Cardoso,MG,0500-613-1132
Porto,MS,+55 84 1256-8341
Nogueira,MA,+55 (081) 8182 0335
Nunes Freitas S/A,SC,+55 (031) 9497 3515
Ramos,ES,+55 81 1740-0733
Oliveira - EI,DF,61 2476-1305
Duarte,BA,+55 (051) 5745 6892
Oliveira,AC,(071) 8120-2046
Jesus - ME,GO,+55 (021) 9314-7962
Melo,AC,0900-365-5420
Costa da Cunha e Filhos,MG,+55 (071) 7967-6090
da Luz e Filhos,RN,31 0966 4296
Cavalcanti,TO,+55 51 7662 7623
Dias,MA,+55 84 1978-4050
Alves,PB,21 2481 5516
Moura,SP,81 8857-5754
Rocha,MA,+55 (061) 4069 8576
Melo e Filhos,SP,+55 11 0851 0645
Pires - EI,RJ,(051) 1926-4070
da Luz S.A.,RO,0900 175 8299
Martins - ME,GO,+55 81 1376-2507
Peixoto S.A.,RO,0500-471-1798
da Luz S.A.,PR,+55 84 8993-2402
da Paz e Filhos,DF,51 1914 4316
Lopes Porto e Filhos,GO,+55 (081) 3371-6983
Porto,ES,+55 31 6839-7959
Barbosa,AL,+55 61 5207-5049
Barbosa e Filhos,AC,+55 41 4030-8142
Rezende Moura S/A,RO,(041) 2849-9842
Moraes Novaes S.A.,RR,31 6739 4864
da Luz,RN,+55 (084) 2507 4029
Pereira S/A,RN,41 5658-8086
Freitas Oliveira - EI,RJ,(051) 0790-2325
Alves,MT,(011) 7035 5978
Pereira Ltda.,RN,(011) 0873 2226
Silveira,TO,61 3220-4718
Cunha,RS,+55 (031) 4052-7773
Pinto,MA,71 6958 7705
da Costa,GO,0300-326-1168
Campos,PA,(071) 2368 1771
Nogueira Cavalcanti S.A.,AP,(011) 1092 0124
Almeida Vieira - EI,RJ,+55 21 2182-7218
Cunha Ltda.,MG,61 6548-9085
Moreira,CE,(011) 4348 7530
Farias,CE,0900 680 3843
Moraes S.A.,RN,(071) 1380 8909
Farias,RS,0900 853 3230
Caldeira da Cunha S/A,MS,+55 (081) 1013 0838
Monteiro Ltda.,RO,+55 (081) 3879-9029
Melo,AC,+55 81 0005-0297
Pinto,GO,0800-449-5645
Oliveira,PB,+55 51 7496 7524
Costela e Filhos,AM,0500-906-7886
Rezende Vieira S/A,TO,71 7773 8719
da Rosa S.A.,TO,0800 357 0293
Vieira,AL,+55 41 1364-8404
Rezende Nascimento - ME,PE,(021) 8443 2730
Cardoso,PI,+55 31 5444 7375
das Neves,PB,+55 84 7100-9923
Pires S.A.,MT,+55 41 7593 9143
Farias,RO,+55 84 5760 2563
Pereira S/A,ES,+55 31 0046-4924
Ferreira Ferreira S.A.,GO,+55 (041) 3915 7099
Cardoso Ltda.,DF,(021) 2703 3746
Lopes e Filhos,PB,(071) 2370 8906
Lopes Nogueira S.A.,SP,+55 (011) 0507 9217
Martins,AM,+55 (051) 4270-7031
Ferreira Ferreira - EI,MT,0800-313-4914
Correia S.A.,MG,71 1841-6224
da Conceição - EI,SE,+55 51 1947 2231
Costela,PB,+55 81 1437-2355
da Rocha,RO,+55 (071) 9775-1138
Dias,AC,0800 178 9217
Peixoto,SC,41 8635 9835
Aragão Freitas e Filhos,MG,(011) 5640-9558
Ramos,MT,+55 (051) 5974-5450
da Costa,RR,+55 84 1093 3173
Santos - ME,RJ,(041) 3871 4941
da Mata Dias - ME,TO,61 3556 0854
da Mota Silveira - EI,TO,+55 71 2634 2882
Caldeira e Filhos,MS,+55 41 2855 1931
Freitas e Filhos,PI,+55 (061) 6128 0567
Sales S/A,AP,+55 (011) 3790 5882
da Cunha Novaes e Filhos,PI,0900 474 4756
Duarte Novaes S.A.,PB,71 2882 4464
Ferreira,MT,+55 51 6505 7458
da Cunha,MS,+55 (021) 9277 4581
Azevedo,PE,+55 (051) 2310-4941
Lima Novaes S/A,TO,+55 11 6164-7952
Duarte,SC,0900 212 1580
Silva,RR,+55 (084) 1079 6155
Mendes,SC,41 1897 5028
Cunha Peixoto S.A.,PI,(051) 3019-4521
Mendes,RN,71 2810-0142
Farias Costela - EI,ES,+55 81 5645-7020
Costela Alves S/A,TO,(084) 1262 7379
Costa,MT,+55 21 6720-9637
Pereira,PI,(031) 5040 6213
Fogaça Gomes - EI,AP,+55 (031) 5876-6327
Rezende,AP,+55 41 0853 4993
Porto,AM,+55 (051) 3095-1090
Aragão,AC,+55 (051) 7159 0321
Monteiro,RR,(031) 0358-2679
Rezende,PB,(081) 9699-2702
Fogaça Pires Ltda.,SE,+55 51 8514 4840
Carvalho Ltda.,AC,+55 41 5719 6934
Porto,BA,71 3303 2633
Ferreira,SP,(031) 6289 7206
Moreira,MS,+55 11 5537 1783
Mendes Moura - EI,MG,+55 (071) 2244-5990
das Neves,TO,61 6652 4034
da Cruz,SP,+55 (071) 6498-1409
da Mata Moura S.A.,SC,61 9032-0483
Sales - EI,MS,+55 (031) 2414-2370
Jesus S.A.,RJ,+55 84 9881-8396
Rocha S/A,BA,+55 (071) 5965-1386
da Costa Ltda.,CE,21 3199 8820
Duarte Vieira S.A.,AL,51 9720 2493
das Neves,PB,+55 41 9969 1773
Viana Gonçalves Ltda.,PR,(071) 2271-6835
Jesus,PA,0800-878-1930
Barros,MT,+55 (061) 1922-2384
Lima Rezende S/A,RS,+55 81 1125 4749
Pires,MS,(084) 2115 9135
Lima,PR,84 1393 3181
da Rosa Azevedo S/A,SC,+55 81 5105-5635
Cardoso S.A.,RR,(084) 5312 7551
Correia,AC,71 1180 9455
Castro Caldeira S/A,BA,31 2890-1798
Silva,ES,71 7776 1342
Silva Ltda.,PI,41 8931 6054
Ribeiro,MS,(021) 0996-4407
Cardoso,RO,0900-795-4828
da Rosa e Filhos,PI,(084) 3149-2113
Araújo,MT,61 3824 2370
Aragão,RO,+55 (051) 6218 4473
Souza,MA,+55 (071) 8093 2606
da Conceição,SC,+55 84 8856 4283
Mendes,AC,+55 21 3303 1154
Fogaça S.A.,PA,0800-208-7237
Cavalcanti,SC,(011) 1281-6191
Monteiro,AC,0900-851-6799
da Cunha Moura Ltda.,SE,+55 (084) 5910-3739
Cunha - ME,PE,+55 61 2287 6283
Ramos S.A.,MA,81 0029 0736
Souza - ME,RJ,(011) 4187-0609
Gomes Lopes - EI,SC,+55 81 9259-8207
Farias Caldeira S.A.,BA,+55 84 7585 6672
da Rocha Araújo - ME,AC,0500 776 2162
Moreira,PR,31 9472 4566
Azevedo,AP,+55 (011) 9094 5184
Aragão Viana - ME,SC,(051) 7326-2161
Fernandes e Filhos,MA,+55 (061) 5469 3088
Freitas,RN,+55 81 1793-5295
Cardoso Ltda.,PI,84 7601 0564
Costela Barros - ME,BA,61 9509-3956
Cardoso,PI,31 5308 1621
da Conceição S/A,MS,+55 71 3506 6093
Pereira Melo - EI,RR,41 2604-9929
Campos,SE,+55 (021) 0938 2176
Carvalho,CE,+55 51 5051 6208
Monteiro,AM,81 1703 2558
Cavalcanti da Cunha - ME,CE,(041) 1985 0883
Melo,AP,71 8705-8273
Jesus,SC,+55 11 0760-7544
Teixeira S.A.,DF,+55 51 0191 9459
Costela Costa S.A.,ES,+55 (071) 3512-9263
Ferreira,PA,+55 (011) 0134-1583
Aragão,CE,+55 (011) 3619-8893
Almeida Ltda.,SE,61 8688-9556
Dias - ME,CE,+55 84 7295-4234
Nascimento Dias - ME,PI,(041) 6452 2262
Fernandes,SE,+55 (071) 0843-9446
Porto S/A,PB,0500 128 7393
Jesus Silveira S.A.,SC,+55 (021) 3761-9466
Fogaça Freitas - EI,AM,(031) 3369-4568
Moraes,PR,+55 41 2543 2962
Ferreira - EI,AP,+55 71 5101-9373
Sales Peixoto S.A.,CE,81 4870-4906
Cunha Mendes Ltda.,MG,(061) 2100 0890
Nunes - ME,RO,0500-044-4857
Nogueira - EI,MT,21 2332-4274
Pires - EI,TO,+55 (031) 8688-3902
Martins Oliveira S.A.,MA,+55 (041) 8031-2812
Campos Monteiro - EI,RS,+55 (041) 0083-8431
Araújo,AC,+55 81 9412 4286
Farias S/A,DF,11 5562-3287
da Cunha,MA,(031) 4023 2638
Almeida,PI,41 2938 8537
Lopes S/A,AL,11 1067-3448
da Paz Ltda.,PR,+55 11 7107 3141
Silva,DF,0900-964-5522
Alves e Filhos,MS,+55 81 0324 2752
da Conceição,MG,+55 (011) 2661 5828
Cardoso Sales S.A.,AP,+55 61 1985-5889
Gonçalves Moraes - ME,SC,+55 (061) 8053-3804
Mendes,GO,(051) 2833 4588
Araújo,RO,(061) 5154 3116
da Cruz,PR,+55 (031) 1634-6228
da Luz Fogaça S/A,DF,21 2796 4048
Sales,RR,11 3515-2761
Araújo,GO,(031) 4665 2680
das Neves das Neves - ME,AM,+55 61 6322-1680
Lopes,PA,(084) 2647 8871
Rocha,GO,+55 (071) 3291 1519
das Neves,AP,+55 81 8431 7512
da Luz,AP,0500-733-3666
Silveira,PB,+55 61 8996 9065
Monteiro - ME,AP,0800-270-1728
Rezende Viana Ltda.,MG,+55 (011) 9793 6115
Cavalcanti,BA,+55 (011) 4337-0333
da Conceição Martins - ME,MA,84 0899-5701
Silva,AM,+55 (041) 8553-1603
Nogueira,PA,(071) 3147 8045
Castro - EI,BA,0900 141 9579
Azevedo Ltda.,MT,+55 (021) 2435 4433
Martins,MG,+55 (031) 2999 8665
da Conceição e Filhos,MT,+55 (021) 2360-6936
Almeida,AC,(031) 1004 5657
da Cruz Ferreira - EI,DF,+55 41 1363-6384
Ferreira,TO,(011) 0636 7362
Nogueira,SC,81 4928 9681
Azevedo - ME,AC,41 7850 7810
Alves,GO,+55 71 5644-9037
Barros da Mata e Filhos,TO,81 2608-3678
Vieira,RJ,81 8307 2036
Santos,PA,(021) 6940 5626
Moraes - EI,ES,+55 (084) 4024 0056
Melo,RN,(061) 8909-7142
Jesus Caldeira e Filhos,RN,+55 61 5836-9046
Nogueira,BA,0300-690-5155
Gomes Barbosa e Filhos,AM,+55 41 1961-0772
Barbosa,ES,+55 11 7116 3886
Barbosa da Cunha S/A,RO,+55 (061) 4864 4816
Pereira - ME,DF,41 0109 2765
Viana,TO,84 9656 2198
Lima,SE,0500-271-3257
Castro Moura - ME,PE,(084) 8218 7001
Peixoto,BA,+55 11 7321-6672
Silveira,AM,71 1350 7196
da Costa S.A.,AM,0500-420-8684
da Conceição Ltda.,RJ,+55 41 9553 5793
Duarte,PE,0800-699-1935
Azevedo e Filhos,CE,51 2841 4446
Dias,PA,+55 81 9094-3986
Lima,AP,+55 21 5457 0886
Rocha,PA,(061) 9196-1087
Fernandes,AP,+55 (061) 7283-0240
da Paz Ramos S/A,TO,+55 41 6331-8178
Cavalcanti,AC,+55 51 7322 0726
Caldeira,PI,(084) 7417 6536
Porto,RN,+55 81 9880 0722
Rocha,GO,+55 71 5619-9496
da Mota e Filhos,PB,+55 (031) 4065-0722
da Paz - EI,GO,(061) 7517 0689
Nogueira - EI,MT,+55 (041) 1954 7077
da Paz Gomes S/A,MA,+55 41 4632-8881
da Cunha,PB,41 1743 1812
Rodrigues,CE,+55 (061) 6084-2739
Mendes Correia - ME,ES,+55 (031) 7531 5186
da Mata,SP,(011) 6407 3098
Alves Nascimento e Filhos,PI,41 1424-8505
Freitas e Filhos,PE,+55 (051) 4003 7210
Ferreira,PB,+55 (084) 2153-0335
Nogueira,MA,+55 (031) 0769-6921
Caldeira Ltda.,SC,+55 (031) 9327 0817
Caldeira Ferreira S.A.,AC,(084) 9931 2822
Gonçalves S.A.,MT,+55 84 3177-3195
Freitas da Rosa S/A,AP,(021) 8764-6966
da Luz,MT,+55 61 1271 0300
Santos e Filhos,RS,+55 31 9753 6364
Duarte Sales Ltda.,CE,+55 (071) 9207 4464
Jesus Ribeiro Ltda.,GO,(051) 6626 6015
Fernandes,PA,(031) 2476 9195
Castro da Luz Ltda.,MG,0900 476 6837
Lima,RN,51 0309 9726
Cunha da Costa - EI,MA,(081) 8550-8427
Jesus da Costa - ME,AC,+55 81 6680 2487
das Neves - ME,PR,0300-820-7027
Lima,AL,+55 81 9361-8846
Rodrigues,PI,(061) 3447 7287
Oliveira,AC,+55 (021) 0684 0486
Castro S/A,AL,0300-171-1030
Rocha Monteiro Ltda.,AC,71 1753 1139
da Cunha Santos e Filhos,SE,+55 (081) 7493-0918
da Mota da Costa - EI,MG,+55 31 3324 3528
Campos,AL,+55 11 9027 6195
Peixoto S.A.,TO,(061) 6940 8415
Barros Moreira S.A.,MT,+55 21 6131-9764
da Costa,PI,+55 (021) 1149 1645
Porto,AC,0500 392 7589
Lima Pereira - EI,PA,+55 (011) 1175-2572
Carvalho,MG,(051) 1564 5586
Caldeira - EI,PI,(081) 3433-5620
Silva Ltda.,GO,81 1091 3486
Alves,RN,21 8568 7968
Caldeira,MG,+55 71 8131-0541
Sales S/A,MG,11 0469 1285
da Cruz,BA,(071) 4543 4148
Sales - ME,CE,71 7336 4897
Ferreira S/A,SP,(041) 7240 9427
Cardoso Teixeira - EI,RO,0800-540-0160
Lopes,MT,61 3131 7686
Aragão,RS,+55 81 6642 2804
da Costa,GO,(031) 8781-6036
Silveira Farias S.A.,SP,+55 (071) 1159-5078
Ramos e Filhos,RJ,0800-642-1883
da Costa,TO,21 9476 6093
Rezende - ME,RR,+55 51 0972 5192
Dias da Costa - EI,RO,(081) 9138 6604
da Costa - EI,CE,61 1755-5620
Dias,ES,81 8167-9438
Ribeiro,AM,84 9528-7617
Aragão Almeida S.A.,RS,51 6589 2737
das Neves - ME,MA,+55 (061) 6261-8504
Fogaça Ltda.,PI,+55 81 0593-7321
da Mota Cavalcanti Ltda.,RJ,(071) 4362 9759
Araújo - ME,RR,71 7295 0057
Fernandes,RO,84 0488 4769
Barros Ltda.,ES,+55 (061) 8142 5946
da Rocha,SP,(084) 9630-6176
Ribeiro Monteiro - ME,CE,(051) 5795 3287
da Rosa,AL,(061) 2732 1032
Moura,CE,+55 61 0000 3175
Teixeira - EI,GO,0300 377 8179
Cardoso,MT,(031) 4027 8408
Gonçalves - ME,PB,+55 81 4083-7271
Jesus Cardoso e Filhos,PA,61 4423-5139
Santos,AC,+55 (071) 3537 6498
Araújo - EI,PR,0300 961 5396
da Mota,AC,41 6429-9100
da Mota Duarte Ltda.,CE,(021) 5401-0184
Duarte Ltda.,MS,84 2299 7058
Cunha,RJ,0300 713 4708
da Cruz,PI,(081) 5695 4730
Porto,SC,(031) 9257-7512
Silva - EI,PR,(041) 7393 7751
Costela Ltda.,AC,+55 (021) 0118 1808
Silva Dias Ltda.,AC,71 4325 2675
da Paz,DF,+55 21 3278-0206
da Cunha da Rosa - EI,GO,+55 (021) 7477-7892
da Cunha e Filhos,CE,+55 84 1964 6109
Melo e Filhos,RN,(031) 0145-9659
Cardoso,AP,51 0631 1152
Peixoto S.A.,RR,(041) 6323 8371
Costela e Filhos,SE,(031) 0856-1259
Aragão,SP,0800-390-9293
Caldeira,PI,+55 51 2394 9777
Silva,RJ,31 8734-5020
Novaes e Filhos,CE,84 4123-3125
Azevedo Moraes e Filhos,DF,0500 334 9415
Gonçalves Ltda.,SC,(041) 3422 5780
Rocha,DF,(031) 9617 6221
Carvalho Martins S.A.,PI,+55 81 3177 6566
Pinto S/A,AM,(031) 8724-0574
Ferreira,PI,+55 (081) 1488 8095
Araújo S.A.,CE,+55 (081) 6748 5215
Lima - ME,AC,+55 (041) 4950 6821
Rezende,ES,(051) 8807 3497
da Rocha,PA,+55 41 9495 4333
Freitas Lopes - EI,DF,41 3689 1844
Carvalho da Rosa - EI,DF,+55 (084) 1924 5690
Aragão,TO,(081) 5622-5269
Cunha,PI,+55 21 9820-0536
Nascimento,MS,(031) 6236-2430
Cavalcanti Correia e Filhos,AL,51 6199 0712
Novaes - EI,RO,51 4758 5582
Gomes S/A,MS,81 4783 4853
Porto S/A,RN,+55 21 2196-5295
Costela da Conceição S/A,RO,+55 21 3620-6706
Fernandes Lima S.A.,TO,+55 71 1114 2093
Freitas,RS,+55 61 3749 9739
Dias,MA,+55 (021) 1772-1414
Dias S.A.,RJ,61 9815-3373
da Luz,AC,71 1015 8410
Carvalho,BA,61 1523 7609
Pires,AC,71 1253-4463
Carvalho Rodrigues Ltda.,RJ,+55 51 6408 0183
Ribeiro Farias S/A,MT,(084) 1412-5988
das Neves Almeida S.A.,SP,0500-961-2120
Novaes,AC,41 8676-8629
Souza Novaes - ME,RN,(084) 9355 3764
Azevedo Sales S.A.,MG,0800 223 0805
Rezende S/A,SC,0900-065-7759
Gomes S.A.,AP,31 9786 5649
Dias Teixeira S.A.,GO,+55 61 6832-0091
Vieira,SC,+55 (051) 5757 2938
Santos,BA,+55 (084) 1201-6942
Gomes,AC,11 4310-6398
Ribeiro - EI,SE,+55 (021) 8984-0029
Lima Jesus e Filhos,RJ,+55 (081) 4104-6423
da Rosa Costela e Filhos,MS,+55 (071) 8573-9285
Fogaça,AL,+55 81 2730-8053
Pinto Ltda.,RN,51 8865 9494
Rezende,MG,(041) 1685-6121
Teixeira Silveira S/A,PB,(071) 3115-7614
Gonçalves,MS,+55 (051) 2774 8588
Alves,PA,(031) 0986 8380
Correia,AC,+55 (081) 3425 9569
Cardoso,PE,(084) 1238 1443
Rocha,MG,11 3173-9007
Gonçalves,AM,(051) 1401 5939
da Mata Ltda.,PR,+55 (084) 5010-3065
Pereira e Filhos,PE,(051) 1088-6113
Castro,MS,21 0402 4302
da Costa - EI,PA,(051) 4976-0735
Silveira,SP,(071) 3453 8877
Aragão,AL,+55 81 8558 5858
da Conceição Lima S/A,ES,81 9392-8343
Pinto Silva S/A,MS,61 2867 5882
Novaes das Neves Ltda.,PA,(061) 5845-0728
Cardoso,MS,84 2062 8261
Almeida,RS,(031) 9164 2985
Martins,MS,(084) 0754 4038
Souza S/A,PR,11 7230-4678
da Conceição,GO,(051) 2640 7794
Rezende Mendes S.A.,PI,(031) 3983-8855
das Neves,RR,+55 81 0146 9915
Nunes,TO,84 2553-8666
Caldeira,RR,+55 (021) 6684-4525
da Cruz,ES,+55 (061) 4257-0404
Sales,MT,+55 (051) 8956 7240
Peixoto Ltda.,PR,(011) 7792 4641
Carvalho,PR,51 0855 5174
Viana,RS,(011) 9709-8880
Peixoto Lopes Ltda.,SP,+55 (051) 0270 3922
Jesus,PI,+55 (061) 2156 8822
da Conceição Barbosa S.A.,PR,11 6158 9732
Fernandes e Filhos,PB,0300-793-3574
Costa,TO,+55 (041) 7849-6936
da Costa Mendes S.A.,AC,+55 51 9588 7931
Novaes,MT,0500-122-4590
Gomes,SP,+55 41 4756 3579
Pinto,PA,(021) 5946 2330
Costela Costa e Filhos,RO,+55 51 7959 9790
Rocha,CE,51 3316 0453
Nunes Pinto e Filhos,SP,+55 (071) 4546 7850
Oliveira S/A,GO,(021) 5799 4875
Sales Cavalcanti S/A,ES,+55 61 3361-2810
Santos,PR,84 8729-5384
Costela Vieira - ME,MG,+55 84 4524 0206
Lopes - ME,PB,(051) 9437 0789
Carvalho,MG,61 4654 9045
Sales,RS,(071) 7707 4504
Santos - EI,SE,+55 21 7110-5618
Silveira - ME,PB,81 0864 9144
Castro - ME,CE,+55 61 0996 4952
Teixeira,SP,+55 (031) 9272 1866
Teixeira,AM,81 8201-1788
Monteiro,AC,(061) 4808 9220
da Luz Fernandes - ME,SE,81 1237-3021
Moreira Barbosa - EI,MG,61 0487 8683
Silva,MS,0900-312-0894
Moura Ferreira - ME,AL,+55 (011) 2599 0780
Caldeira da Mata e Filhos,BA,+55 71 2048-5519
Alves,RN,81 9749-9252
da Luz Rodrigues e Filhos,AL,+55 (021) 7118-5524
Araújo,CE,+55 11 3093 9895
da Conceição - ME,MG,(051) 9102 0855
Oliveira Porto S.A.,PI,+55 51 4133 8092
Silveira Ramos S/A,RJ,31 7065-9498
Cavalcanti S.A.,AM,+55 11 4706-9610
Cardoso - EI,MS,(071) 6346 3483
da Mota,MG,+55 84 5292 0940
Jesus da Cunha Ltda.,CE,+55 31 7533-9693
Costela,PR,+55 (084) 7854-4714
Peixoto,TO,+55 84 4316-6636
Gonçalves,RO,31 6747-1838
Martins Jesus S.A.,MS,+55 71 4646 9992
Nascimento,PB,(011) 1189-0906
Ramos Almeida S/A,RR,(031) 3750-6091
Cardoso Novaes e Filhos,SE,+55 (084) 9078 3432
Campos Sales - EI,PB,+55 61 8494 4401
Peixoto,SC,0500 124 3226
Teixeira e Filhos,MA,(021) 9396-1667
Cunha Ltda.,PB,+55 (071) 4545-2526
Vieira - ME,MT,+55 21 7159-6854
Fogaça,ES,+55 31 6836-6128
Correia,GO,81 5173 0053
Silveira,MA,(084) 2746-1640
Moraes,PB,+55 (021) 3131-6034
da Conceição,PE,+55 61 9253 4020
Almeida,MA,(041) 1879-2532
Freitas Ltda.,MT,(031) 5597 7434
Dias,MG,(081) 1320-1872
Jesus,BA,+55 (061) 8000-0553
Nascimento Monteiro - ME,BA,+55 51 5431 4993
Cardoso Barbosa - ME,PB,0800 996 2408
Azevedo,RS,+55 31 8687-5952
Campos Moura - ME,ES,+55 (011) 6501 5592
das Neves,AL,+55 (011) 3677-3966
Moreira,MS,+55 81 6981 4594
Correia,SP,+55 (011) 2298 4966
da Costa,CE,+55 (051) 6571 0421
das Neves - EI,PB,31 9457-1205
Vieira S/A,SE,61 2136-0564
Campos,PA,+55 21 0361-2640
Costela,PA,(041) 2508 9370
Vieira,PB,+55 (061) 7153-5520
Rezende Ltda.,MG,0500-028-1407
Alves e Filhos,SP,(051) 4402-2787
Martins - EI,PI,+55 (031) 1109 8865
Cardoso,SP,31 0191-7401
Aragão,DF,(021) 9510-1854
Martins S.A.,RS,0300-698-1993
da Luz,BA,+55 (084) 2078-0328
Teixeira Ltda.,ES,0900 060 9419
Campos,MT,(071) 0098-3567
Gonçalves Ltda.,BA,+55 (071) 2400 4693
Santos da Cunha e Filhos,RR,+55 (084) 0483 5026
Gomes Araújo - EI,SP,0900 802 4818
da Cruz S.A.,RR,+55 (051) 7681 2135
Dias S/A,MA,11 1097 3843
da Cruz,AL,+55 11 2315 8562
Oliveira da Cruz Ltda.,CE,+55 21 4487-1027
Ribeiro S.A.,TO,41 8538-0628
Campos Vieira - ME,BA,11 7606-2921
Ramos,SC,71 9353-9298
da Mota Fogaça e Filhos,AL,71 1916-0361
das Neves S/A,AL,+55 81 2860 8696
Araújo,SC,(031) 0753 4017
Moraes Silveira - EI,GO,(071) 6494-1024
Campos,TO,(071) 9332-8152
da Luz da Cunha - EI,PE,0500-789-6937
Ribeiro e Filhos,RJ,+55 (031) 6142-2000
Caldeira,PB,84 7792 6755
Novaes Cardoso - ME,MT,0800-936-5112
Rodrigues,PA,84 3622-2649
Barros Gomes - ME,RJ,(051) 9391 4832
Nunes Sales - EI,GO,(021) 2877 0017
Nascimento - ME,AM,+55 (071) 5040-6986
Freitas,GO,81 6815-2612
Cavalcanti,AM,+55 11 0989 8575
Viana,PB,+55 (081) 4998 8954
Ferreira S/A,TO,+55 (031) 5072 8192
Mendes,RJ,+55 (084) 7740 9825
da Rocha,PR,+55 (021) 8125-8581
Sales - ME,MA,+55 51 4336 9280
Santos,PE,+55 (041) 7199 0840
Mendes Cunha S.A.,MS,51 7526 9929
Vieira,PI,+55 31 3225 6304
Rodrigues,SE,+55 (081) 7897 3982
Santos - EI,TO,+55 11 7265-9232
Azevedo Rezende Ltda.,PR,(011) 2578 6132
Campos Novaes e Filhos,PR,+55 (021) 1557-7712
Ribeiro Ribeiro S.A.,BA,(071) 7111 1494
Martins e Filhos,PI,41 3314 4794
Martins,RO,(081) 3656 8638
Novaes,CE,31 8322 7201
Azevedo - ME,AL,84 9310 0748
Gonçalves - EI,AC,0500 393 8377
Pereira Oliveira S/A,RR,11 6604-1685
Azevedo Azevedo - EI,MT,(041) 9774-5193
Lima,SE,51 1931 3636
Nogueira S.A.,CE,(061) 1025-0842
Lopes - EI,RO,+55 (041) 1899-4031
Fogaça,MG,(011) 2552-8012
Moraes,BA,0800 275 7757
Barbosa - ME,MT,+55 71 5600 9773
Silveira S/A,MS,51 4786 3280
Cardoso,AP,+55 81 2411-4992
Duarte,MA,+55 (011) 9083-6812
Carvalho Costela Ltda.,RO,31 3911-7395
Oliveira,RS,0800-174-5758
da Paz Almeida e Filhos,DF,+55 (084) 0082-4096
Rezende S/A,GO,(081) 5148 5284
Oliveira Dias Ltda.,RJ,+55 (051) 5037 7693
Sales Santos - EI,MT,+55 41 7133 7517
Melo,SE,+55 (061) 8110-7494
Nascimento S/A,SC,+55 84 9626-2437
Pinto Duarte S/A,GO,0300 228 8370
Lopes,PR,(021) 9303 3715
Barros das Neves - EI,RJ,84 7069 3047
Silveira,RJ,81 6544-2033
Dias Rezende S/A,BA,+55 51 5203 0407
Novaes,GO,(071) 0251-6881
Jesus,PI,+55 21 2219-3306
Rodrigues,SE,+55 (011) 0203 2218
Cavalcanti,RS,71 0386 5269
da Mata,BA,51 1811 3924
da Luz,AP,+55 (051) 3367 4270
Cardoso,AM,31 9791-5632
Monteiro,SP,(031) 3688-6934
Azevedo e Filhos,SP,41 4382-5093
Nogueira,RR,41 6643-8045
Nogueira,DF,+55 51 6098 3083
Correia,AC,21 7244 0166
Fogaça,RR,0300 408 8856
Cunha S/A,RJ,+55 (051) 4418 0212
Dias,RN,(061) 0431-4498
Barros,RN,81 7813 3824
Rodrigues,PA,(031) 3650-3931
Viana,PB,51 0254 0968
Caldeira da Cruz S.A.,PB,71 1330-0764
Ramos,SE,+55 (061) 1664-3154
Mendes,SE,(011) 8973 0472
Rodrigues Rodrigues - ME,CE,+55 (081) 3887-9005
Castro Gomes - ME,ES,(021) 8100 0382
Novaes,MT,+55 11 8394-9216
Fogaça - EI,RS,0800-103-6829
Ribeiro,PI,+55 (081) 3972-7814
Cunha,MT,(071) 9840 7985
Novaes e Filhos,PE,(061) 5607-9310
das Neves,SC,(084) 0470-9661
Rezende Mendes e Filhos,SC,+55 84 2709 8522
Farias,AC,(084) 7627-5873
Oliveira,PE,(084) 3971 5834
Dias Viana Ltda.,GO,+55 (061) 8520 0022
Fogaça,TO,31 6317 5725
da Mota,MA,(061) 4540 1347
Rezende,PB,31 2842-9649
Silva Nunes - ME,BA,+55 (031) 5515-1815
Moraes Correia e Filhos,AL,+55 (031) 4461-1442
Silva,PI,(051) 7432 5675
Costa - EI,PE,(051) 1204 9318
Santos,RR,+55 71 6380 6316
Cunha,RJ,71 2573 8958
Vieira,GO,(021) 9579-9344
Moraes,BA,21 2868-6758
Azevedo da Cruz - EI,PB,(061) 8272-7546
da Conceição e Filhos,MG,+55 (051) 0120 9651
Mendes,CE,84 9997 3087
Carvalho Gomes e Filhos,SP,31 7625 1510
Moreira,SC,+55 21 6306 3637
Santos,RO,71 7177-3107
Pereira,RR,(084) 1375-0062
Ferreira,AL,0500-061-4388
Farias,TO,41 5913 6289
Aragão Caldeira - EI,MT,(011) 1471-5990
Ribeiro Rocha S.A.,TO,(031) 1671 3672
Silveira S.A.,PR,+55 (071) 3077-7178
Sales,RS,+55 (051) 2943-1016
Cardoso Moreira Ltda.,RR,71 5632-5444
Almeida,MG,+55 31 8959 3074
Cardoso - EI,RJ,0300-262-4927
Castro,MA,+55 21 2182-4151
da Cunha Ribeiro - ME,RS,+55 11 6169-0643
Barros,RN,+55 (031) 8473 7149
da Luz Alves S/A,PB,+55 (071) 5011 2774
Araújo,BA,11 8412 0604
Duarte,RN,(084) 7658-0923
Ferreira,ES,+55 (081) 2205 7446
Rezende,DF,0300 315 7916
Mendes Cunha - ME,PI,(084) 7959-7343
da Cunha Costa - EI,GO,+55 11 3507 1682
Dias,PI,+55 (081) 8537-9464
Silva - EI,RN,+55 (081) 8899 3326
da Paz,SE,(084) 6783 9927
Sales,ES,0500-857-0445
Moreira,AP,61 4195-3995
Rodrigues,AP,(041) 3338-0850
Pinto Ltda.,AP,(041) 2573-1915
Pires S/A,RJ,41 7079-1058
Novaes,MT,+55 (031) 6535 2136
Fogaça Peixoto e Filhos,MT,41 5208-0886
Aragão,MT,(021) 9831-3157
Costela Pereira S.A.,MS,+55 84 1705-1830
Araújo Farias - ME,RJ,+55 84 4156-6098
Azevedo - ME,PI,+55 61 5214 4598
da Mota - ME,PR,61 7886-2506
Pires,RR,+55 21 3782 7023
Nunes,AP,84 1364 1336
Pereira Ltda.,PR,+55 (041) 7640-5849
Souza,SP,+55 81 7421 1267
Monteiro Melo e Filhos,MA,0900-283-1672
Souza,GO,61 1033-7784
da Mota,RJ,+55 (051) 6861 5740
Silva Nunes - EI,MS,+55 21 1891-9459
Gomes e Filhos,CE,(041) 0773-6397
Lopes,AC,+55 41 2536 1680
Pires S/A,MS,+55 31 0880 3607
Silveira,RR,+55 71 7898-9560
Moreira e Filhos,MA,71 9038-4238
da Rocha,RN,(011) 9548-3395
Monteiro,SP,+55 21 5486 2307
Gonçalves,PA,21 9934-8815
Nascimento,MT,(084) 5891 5439
Nogueira S.A.,AL,+55 84 3026-6239
Castro da Rosa Ltda.,AP,11 6238-8065
Mendes,BA,+55 (071) 8148 8832
Monteiro,PR,+55 (011) 9491-7937
da Paz Gomes - EI,RJ,+55 71 8213-5083
Cunha,PI,(081) 6235 1794
Fogaça,CE,0800-093-4765
Porto Ltda.,AP,(021) 0466-7732
Duarte,RJ,(051) 5345-7706
Dias,MT,0900-504-7216
da Mota e Filhos,RO,(084) 1923-4692
Pinto da Costa S/A,SE,+55 11 1445-1339
Correia Ltda.,PI,(084) 2688-4935
da Cruz,RJ,(084) 8984-4725
Santos Duarte S/A,RR,(041) 4570-5584
Campos,RN,0900-177-5508
Mendes,RJ,+55 (061) 5101-3968
Lima Costa e Filhos,SC,21 8198 3279
Araújo Alves e Filhos,RS,(051) 1087 1018
Moreira,SC,(021) 1148-6251
da Luz,SP,+55 61 1636-8073
Barbosa Peixoto S.A.,SE,81 3802 9888
da Paz Ltda.,PA,0800 966 7476
Pires e Filhos,SC,(021) 4944 1053
Novaes - ME,PI,+55 (031) 9467 3227
Teixeira Nogueira - EI,MT,31 3616-7173
Moreira,PA,(021) 6651-8910
Alves,AM,(011) 8204 8093
Almeida Sales S/A,RJ,+55 51 1828 1028
Aragão,AL,+55 61 9256 9837
Freitas,PI,(084) 8137-9278
Moura,PB,+55 (084) 6716 5510
Fernandes,SC,0300 829 8432
da Mota - ME,SP,51 7582 6536
Fogaça Ferreira - ME,MG,(084) 4123-6288
Alves,AC,+55 (041) 3699-0382
Silva Melo S.A.,AL,+55 (031) 9937-4172
Gomes Vieira S.A.,RO,+55 (041) 5431-8226
Jesus,AC,0300 779 5376
da Cruz S.A.,MT,+55 (081) 0052 1477
Novaes,SP,0300-787-9672
da Cruz Pinto Ltda.,DF,(061) 9418 0079
da Rocha,DF,+55 (061) 0025 6297
Cardoso,DF,+55 31 9949-3914
Nunes S.A.,TO,(061) 5583-7383
Oliveira,PA,0500-169-8512
Pires Melo S/A,RR,+55 41 0129-8347
Azevedo,CE,(041) 5600 4968
Martins,PI,(021) 8638 7877
Ferreira Vieira Ltda.,PR,(051) 3399-2195
Viana Nascimento S/A,AP,+55 (011) 8321 3884
Moreira,PA,(051) 6093 3515
Correia,RR,41 9341 0701
da Costa,AC,+55 (051) 5877-4540
Barbosa,PA,71 5191 8859
Lopes,PE,0300 007 2710
Novaes,BA,71 8947-3076
Campos,SE,11 9777-6524
Rodrigues,SP,+55 61 5663-0852
Fogaça,AP,(061) 3390 8420
Gonçalves,SE,61 3259-7058
Cavalcanti Alves - ME,AL,+55 (061) 5375 5354
da Mota Ltda.,PB,+55 84 5787 1300
Ferreira,AM,+55 (061) 2179-5810
Peixoto,PR,+55 71 7125 6924
Nascimento,AM,+55 51 8715 1957
Rocha S/A,GO,84 2868-9805
Correia Cardoso Ltda.,MT,(071) 8829 5646
Lima,PI,+55 31 9574 6202
Souza,MS,+55 (071) 3620-5863
Costela Ltda.,PR,(051) 1237 2555
Correia,RJ,84 2373 2200
Vieira S.A.,PR,+55 61 7397 8451
Fernandes Nogueira Ltda.,RJ,0800-169-7910
Araújo,AC,0800 631 8388
Pires Carvalho - EI,DF,(021) 2946 5586
Oliveira,SC,+55 (021) 4457-2569
Peixoto Gomes S/A,RJ,+55 (031) 8819 5733
Porto,PB,(051) 9168-1367
Novaes,TO,21 9121 8681
Moura,MG,51 0675 7828
Novaes,PE,84 6408-0460
da Rocha,CE,81 4090 7016
Carvalho,DF,+55 31 2717 5965
Silva,RO,31 6974-8487
Santos Pinto - ME,RS,+55 51 3910 6856
Lima,RO,+55 41 4255-1633
da Costa,AC,81 7205-8811
Martins - EI,RO,+55 (011) 5672-0022
Freitas - ME,PA,71 9540 8059
Novaes - ME,GO,+55 (021) 7634 0315
Farias,SE,51 8788 9111
Correia S/A,AP,(011) 8720 9860
Rocha,BA,(011) 6210-9473
Moraes,TO,+55 (071) 8127-0825
Cardoso Farias - ME,MT,+55 (021) 0192-4989
Moreira Alves S.A.,SE,+55 (071) 5580-5198
Gonçalves,CE,+55 (021) 0768-6969
Dias,ES,+55 (084) 9515-6949
Cunha Almeida - EI,MA,(071) 2202-5166
Ferreira Rodrigues Ltda.,MS,0300-666-9462
Araújo,PI,+55 (031) 9937 1315
Costa S.A.,AL,21 9738 1413
Jesus - EI,AM,0300-556-7945
Costa Correia e Filhos,PA,0900 346 7543
Teixeira,MA,0300-736-9674
Carvalho Ribeiro e Filhos,RR,+55 51 2129 1901
Castro S.A.,AC,0900-048-0479
Cardoso Barros Ltda.,SC,61 3747-2978
Rocha Melo S.A.,DF,21 3511 9635
da Paz e Filhos,SC,+55 21 7014-7466
Ramos e Filhos,SC,0900 856 5761
Nogueira,AP,71 9516 8328
Santos,ES,+55 (021) 3328-8285
Barros,RN,+55 (051) 6067-5973
Viana,ES,84 4588 9569
Nunes Vieira Ltda.,GO,+55 (061) 6930 8751
Fernandes S/A,GO,+55 51 0826 0046
Porto,SC,(031) 6080-5357
Azevedo,SE,+55 81 4864 5903
Azevedo S/A,SP,+55 (084) 9102-3715
da Rocha,PR,(071) 6021-9514
Pinto S.A.,SP,+55 (084) 9844 2383
Almeida,PE,(021) 3097-7127
Costela Ltda.,MA,71 7125 7514
da Conceição da Cunha - EI,MS,+55 (071) 0621-8561
Nunes,RN,0900-403-8372
Vieira Freitas - EI,MA,+55 71 7219-3578
Gomes Ltda.,SP,(031) 9692 4330
Pires - ME,PR,0300 675 3201
Araújo,PE,+55 21 7133 8265
da Conceição Pereira Ltda.,PB,+55 71 5292-5264
Gomes Cardoso Ltda.,SE,(011) 4435-7958
da Paz - ME,MA,(031) 6815-8168
Castro,MA,(061) 1034 4562
Moreira Caldeira - EI,RJ,0800 468 4096
Farias Gonçalves S.A.,PI,+55 (081) 2186-2154
Araújo,TO,81 0514 8241
Souza - ME,CE,+55 71 2820 0039
da Cunha S/A,PA,41 5898-0756
Correia,MS,+55 11 3503 2289
da Mota,SP,(051) 1214 7564
Ramos Moura - EI,AM,+55 41 5174 4228
Azevedo,PI,31 4676 1686
Ramos S/A,RN,(021) 4960 0403
Farias Ltda.,AL,+55 11 1841-0476
Ferreira,RR,+55 (041) 0523-6165
Cunha,MT,+55 (041) 0714 4213
Peixoto,CE,+55 71 6670 7201
Jesus Araújo S.A.,PR,+55 (041) 8270-9856
Lopes,AL,(071) 2238 5763
Barbosa da Rosa S.A.,TO,(071) 1571 6548
Ribeiro e Filhos,RO,+55 (051) 2191 7063
da Mota,RR,(051) 5041-0898
Nunes Moraes e Filhos,SP,+55 84 2923 4380
Rodrigues,DF,(031) 4982-4085
Santos Martins e Filhos,AL,0900 539 0081
Souza,CE,41 3988-3061
Almeida Cunha S.A.,PR,(031) 1615-5797
Dias,RS,+55 (061) 1512-6347
Fogaça,CE,+55 (011) 9484 2148
Souza Barros S/A,MT,+55 (021) 4143-2675
Fernandes Lopes e Filhos,RN,0300 044 5030
Caldeira Ramos - ME,RS,0300 055 7492
da Luz,MT,31 1527-0630
da Mota,PA,+55 31 5838 8680
Pereira,MG,0800-116-9018
Silveira S/A,PE,+55 11 7139 8978
Moreira,RO,0500 104 8240
Campos Novaes S/A,PR,21 9731-4490
Dias Ferreira - ME,MG,+55 71 1978-5091
Nogueira,PE,(041) 5701-5629
da Rocha Silva S/A,RN,0800 943 6394
Cardoso,PB,(071) 5672 0187
Novaes Araújo S.A.,MS,+55 11 6337 5022
Moraes Ltda.,CE,+55 61 2944-5777
da Cruz,PE,11 9848-1281
Campos - ME,AC,31 3239-3867
Cardoso,CE,+55 (051) 2281-0946
Ferreira S.A.,PI,+55 (084) 2460-0849
Aragão,AP,(061) 1219 9723
da Mata Ltda.,ES,84 5299 5699
Sales - EI,PB,11 4405 7017
Rodrigues - EI,SE,71 2900-1306
da Mota,ES,+55 31 4615-6127
Duarte,MS,0900-351-1237
Azevedo,AP,11 7630 1034
Castro S/A,RO,+55 71 0328 7651
Farias S/A,SC,11 7119-3385
Rezende,SC,+55 31 1481-5076
das Neves Nascimento S/A,RJ,(011) 6756 2640
da Mata Moreira - EI,TO,0500-503-1581
Castro da Luz - EI,TO,81 3483-8245
Carvalho Nunes - EI,ES,(081) 2342 9192
Araújo e Filhos,SP,+55 84 8140-0893
Rocha,PR,+55 (021) 1568 4967
Silva - ME,AP,(051) 8812 8544
Gomes,GO,41 8657-6149
das Neves,SP,(051) 7486-5367
Rocha Ltda.,PE,+55 11 9988 8520
Fogaça Teixeira e Filhos,MT,+55 (084) 7116-0631
Martins,DF,81 1659-1756
Cardoso,RN,(051) 9355 1777
Gonçalves S.A.,RN,61 7614-2593
da Paz S.A.,PA,0800-736-8552
Freitas da Rocha e Filhos,MA,+55 (081) 9000 6135
Pereira Pinto Ltda.,MT,+55 71 1085 4759
Rodrigues,PR,+55 21 8306 5362
Alves S.A.,RR,+55 (051) 6967-8061
Azevedo,PI,0300-793-0993
Duarte da Luz - ME,AM,61 9627 1440
da Luz,PB,+55 41 0273 6426
Dias da Rocha - ME,MG,11 3063 8499
da Costa e Filhos,AP,+55 (031) 9077 3521
Lima S.A.,GO,+55 (084) 0726 8207
da Conceição Cardoso - EI,AP,(061) 6626 8378
Melo S/A,MA,0800 975 8289
Azevedo,RJ,(061) 1513-5241
Lopes,PA,61 0838-9181
Moraes,AM,+55 (061) 6334-5588
Pereira,PE,71 0233-0729
Castro e Filhos,CE,(084) 5687 1372
das Neves,RO,+55 (011) 1011 8811
Carvalho,ES,(021) 5447-9560
Martins - ME,MS,(084) 1608-1715
Jesus Ltda.,SE,31 6890-6228
Novaes,RJ,71 2091-2024
Cavalcanti Porto S.A.,BA,+55 (071) 1152-3260
Almeida Freitas - ME,RJ,(061) 9651 3090
Peixoto,MG,+55 (031) 9363 2989
Souza Freitas S/A,MS,(021) 1930-6223
Ferreira,AL,+55 61 0590 0321
Martins Campos - EI,SP,+55 51 2730 1167
Pinto S/A,GO,+55 51 1506 5282
Santos S/A,RN,+55 71 5000 4112
Sales,AL,+55 (041) 7459-5077
da Rosa,RS,71 4515 9205
Pereira - EI,RR,51 9725 2997
Costela,PE,(041) 1668-5777
Viana,MG,+55 71 1190 1649
Alves,RN,+55 84 5401 2137
das Neves,RR,51 9574 1432
Nunes,SC,+55 51 4208 9625
Rocha Pereira - EI,RS,81 0887 9672
das Neves,MT,61 8078-4926
Jesus - EI,PR,+55 (061) 8518-7025
Monteiro Gonçalves S/A,CE,+55 (084) 1533 6651
Martins,MG,0300 381 0420
Silva e Filhos,RN,21 6819-4128
Moreira,SC,41 5545 7914
da Conceição S/A,MS,+55 41 5997-9153
Lima S/A,PA,+55 (041) 9911 7149
da Rosa Azevedo - ME,DF,+55 84 6384 3088
Sales,RS,(061) 2901 2061
Campos - ME,PB,51 5505 1834
Mendes,PA,+55 21 6125-4243
Pinto - ME,SP,+55 11 0446-1763
da Paz Melo S.A.,MA,31 5085-5913
Oliveira da Rosa e Filhos,RJ,84 2334-9185
Lopes - EI,MA,21 6023-3147
Duarte Pereira - EI,PB,31 3386 6945
Pereira - EI,SP,(011) 2787-2309
Silveira S.A.,DF,+55 (021) 4294-3117
Lima da Conceição e Filhos,PE,71 7554 8896
Gonçalves,RN,0300 096 3198
da Mata,SC,+55 11 7306-8310
Silva da Rosa e Filhos,MG,+55 (061) 9058 6218
Silva - ME,SC,0500-499-4034
Nogueira,BA,51 7057 4729
Monteiro Martins Ltda.,ES,(081) 9905-2780
Dias Vieira - EI,CE,61 1105 5404
das Neves Ferreira S.A.,RN,(041) 8615-6652
da Paz Novaes - ME,PB,+55 (071) 3152-8885
Alves,RN,(071) 8184 2308
Castro Pinto - ME,AM,+55 (041) 6124-7743
Freitas,RJ,71 7618 9160
da Paz e Filhos,MG,21 5113-1165
das Neves,DF,+55 81 6853-2650
Costa da Cruz e Filhos,MS,+55 11 2315-3292
Ramos Ltda.,AL,81 3303-2440
das Neves,AC,(071) 4412 2266
Gomes e Filhos,RN,(084) 0350-5764
Cardoso,SC,+55 (021) 1053-4693
Viana,RO,+55 (051) 8430 5470
da Costa S/A,PE,41 7802-7743
Nunes,PA,+55 61 1235-6434
Souza,AC,+55 (084) 7113-9453
Correia,PE,+55 (041) 2390 5137
Nogueira,PR,+55 (021) 8761-5997
Peixoto da Costa - ME,SC,+55 61 3425-9217
Duarte S.A.,SP,(071) 8404 7512
Carvalho - EI,TO,84 1893 7852
Carvalho S.A.,AC,51 6973 9413
Duarte Ltda.,CE,+55 71 6353-4619
Ramos,AP,0800-370-5032
Campos Porto S.A.,PR,+55 (011) 4370-9401
Viana - ME,SE,+55 31 5257 2115
Nogueira,PE,(061) 8794 8812
Aragão,PI,+55 41 2417 4095
Moura,RO,+55 (061) 7357-0203
Pereira Farias e Filhos,TO,(081) 0632 5336
Dias - EI,RN,71 5335-6652
Almeida S/A,DF,+55 (011) 0485-3851
Fernandes - ME,AC,(021) 0948 9114
Caldeira e Filhos,MS,+55 (084) 6382 2857
Caldeira,CE,(011) 7387 3211
Rodrigues,SE,84 0546 7909
da Costa,AM,84 1381-9285
Freitas,RJ,+55 (011) 1569 1566
Ferreira Ltda.,SE,(041) 7097 1353
Vieira,RS,11 2706 6310
Oliveira,AC,+55 84 4918 3481
da Luz,DF,+55 (031) 9310 6921
Porto,RJ,41 7355 6348
Ferreira Ltda.,ES,0900-484-6783
Duarte Costa S.A.,AM,+55 21 6692 7230
da Costa S.A.,AP,+55 31 5650 4229
da Costa,MA,+55 61 2894 2819
Duarte,PE,+55 (081) 7701 8564
Cardoso,AL,+55 (041) 0220-0850
Jesus - ME,PI,+55 (031) 1375 1426
Vieira,PR,+55 84 2526 4390
Barbosa - ME,SP,(031) 8726 8884
Silveira Martins Ltda.,RS,+55 (061) 8019-1683
da Luz,RO,(061) 4307-8449
Carvalho,CE,(071) 6799-8165
da Luz Aragão S/A,SC,(041) 8857 9583
da Mota - ME,RO,+55 (021) 3473 9361
Gonçalves,PA,+55 51 4800 2672
Costela,MA,(021) 4558 3821
Duarte Monteiro e Filhos,AC,+55 11 2599-2220
da Paz,SE,(084) 5030-5789
Moura,GO,+55 11 4450 1706
Porto,AM,(071) 3648 6501
Lima,CE,0500-409-5341
Moreira e Filhos,AC,71 5885-8338
Correia,SE,(084) 0590 0873
Pereira,AM,81 9434 8097
Aragão S/A,AL,+55 81 7639-6847
Novaes Fernandes - EI,GO,+55 (084) 7085 5390
Ribeiro,RJ,(071) 1334-4275
Rodrigues Nunes - ME,ES,71 7419-9901
Freitas Silva S.A.,PR,(051) 3203-2051
da Costa Costela Ltda.,PI,+55 81 8241 7238
Alves,DF,0800-682-6697
Moreira S.A.,AC,+55 84 3607 6649
Pereira Almeida Ltda.,SP,(081) 5330 6456
Mendes - EI,MG,+55 21 1956-1106
da Cunha Rodrigues Ltda.,PE,(081) 3845 2508
Moraes,MG,(051) 9745-2459
da Mota,PI,0300-568-9529
da Conceição,DF,71 1867 1727
Cardoso,MT,+55 (084) 6891 4876
Lima - EI,PR,+55 (021) 0397 0186
da Conceição,RN,0300 426 4235
Pinto,AC,(031) 8795 1039
Monteiro da Luz Ltda.,AC,+55 81 0578 5332
Rodrigues Pereira S.A.,MS,0300 739 7346
da Mata,PR,(084) 4552 2822
da Costa Freitas S.A.,SE,71 0524 3073
Viana Rodrigues Ltda.,PR,31 4799-3357
Castro e Filhos,ES,(031) 5694 6746
da Mota,SP,11 3972-6124
Duarte,SE,0500 298 9551
Rodrigues - ME,PR,+55 61 3412 5487
da Rocha Vieira Ltda.,RJ,21 5126 0936
Lopes,PA,+55 21 4473-4305
Carvalho,BA,+55 21 0370-8112
Alves Ltda.,RS,21 9461 0466
da Luz Novaes S.A.,RR,(051) 5034 1831
Vieira,PA,31 3774-9224
Silveira e Filhos,RJ,0500 454 5751
Monteiro,AP,0800-364-8636
Duarte S.A.,MT,71 5463-2681
Ramos das Neves S.A.,SP,+55 81 1639 1103
Santos,AC,31 0631-8534
das Neves Ramos S/A,SC,+55 (061) 0897-0441
Jesus S/A,RJ,41 5660 1588
Rocha,PE,+55 (021) 8429-0477
Santos,CE,+55 (081) 5178 9385
Dias - ME,MG,+55 (051) 0330-9850
Caldeira da Conceição S/A,RN,+55 (081) 0223-9350
Freitas da Mata Ltda.,BA,31 9292 1581
Pires Martins Ltda.,RR,(071) 6993 6737
da Luz S/A,SP,+55 71 7232 7084
Mendes - EI,PB,+55 21 8867 0604
Moura - ME,BA,81 8035 5317
Pinto S.A.,AC,+55 21 5126-9932
Duarte S.A.,PE,81 5163 5072
Viana,CE,+55 21 0706-6520
Barros Azevedo Ltda.,SE,+55 (084) 3919-6877
Barros - EI,SC,+55 (061) 2525 0050
Cunha,MS,+55 (084) 1733-2437
Cardoso,RR,51 8247 5176
Ferreira,AL,+55 31 1774 1080
Almeida,DF,41 9344 7022
da Luz,RS,61 2831-1858
Moura Oliveira - ME,RS,(084) 7797 2421
Jesus Rezende S.A.,AC,0900-423-1435
Melo,DF,31 2383-4718
Gomes,MA,(021) 3485-1134
Santos Cavalcanti - ME,PA,(031) 1186 7926
Silveira,BA,84 4890-9266
Almeida Araújo e Filhos,SC,11 3761-8618
Nunes,AL,+55 81 1259-6275
Sales Viana S/A,RJ,+55 11 2979-3282
Pinto,SC,(084) 6639 8436
Vieira,SE,+55 21 9259 4263
Viana,GO,+55 (021) 7755 3537
Gonçalves Dias Ltda.,MG,(031) 9347 2027
Rodrigues,AM,0900 644 9907
Pinto,PB,61 4075-6888
Pinto S.A.,SE,61 9510 7732
Martins - EI,MG,+55 (021) 2171 6586
da Paz Monteiro S/A,MS,+55 (021) 6974 0366
Mendes,MG,+55 (011) 1348 5555
da Rocha,SC,+55 31 7860-3822
Moura Cavalcanti S.A.,MA,41 1617 2712
Nogueira,BA,+55 84 2222-6806
Alves,BA,0900-761-1113
Rezende S.A.,AL,+55 (041) 9101 9319
Lima,AP,41 6358 5097
Araújo,AP,(071) 6745 9654
Pereira,DF,0300 621 1618
Jesus,PB,+55 (041) 0982-8691
Pinto - EI,AM,+55 61 4349-1707
Gonçalves,RS,+55 (084) 9387-9233
Carvalho - EI,RO,31 8265-8218
Melo - ME,ES,+55 (041) 7647 1985
Pires Caldeira - ME,PI,+55 61 9310-7570
da Costa,SC,+55 (084) 0921-5145
da Costa,MS,(051) 1585 5502
Cunha - EI,BA,71 1717-8025
Porto - EI,AL,(084) 2048-6430
Fernandes Azevedo - EI,TO,(081) 3887-1200
Ramos,AL,(031) 1840-4079
Rocha Fernandes Ltda.,AP,0900-338-7504
Pires S/A,MS,+55 (041) 0942 4288
Farias,RN,0800-370-6217
Viana Freitas S/A,CE,(021) 5908 1033
da Mata - ME,PR,+55 (084) 4580 4181
Peixoto S/A,RN,31 3947-1654
Correia,RN,84 8859 7741
Viana,PI,(011) 1562 2031
Moura e Filhos,GO,(071) 8388 2939
Almeida - EI,SC,+55 (011) 6051-4798
das Neves Ltda.,AL,31 1571-7405
Costa Pires - EI,TO,(031) 8704 5830
Cardoso,CE,+55 (061) 2935-6468
da Rocha,MA,+55 21 3862-4091
Gonçalves,PE,71 7155-7137
Nascimento S/A,MS,(061) 8458-8453
Ribeiro da Cunha Ltda.,TO,+55 (051) 2822 7308
Peixoto,MG,+55 (051) 0261 0391
Mendes,RJ,0500-170-3604
da Cunha Nunes - ME,BA,+55 (084) 6698-0697
Castro,TO,+55 71 4519 9992
da Conceição,AP,84 9612 1573
Silva da Rocha - ME,MS,+55 (061) 3704-0043
Viana Costela S/A,MT,81 7734-1693
Porto S.A.,MA,(051) 3180-1801
da Cunha - ME,PA,41 4129 4426
Barros Caldeira S.A.,SE,71 5697 7247
Carvalho,AP,+55 71 9952-3151
Novaes,MA,+55 84 8501 6378
Ferreira Rodrigues - ME,TO,+55 (051) 3069 7460
Costela - EI,PA,+55 51 0213 3923
Campos da Mata - EI,PB,+55 84 4415-9371
Monteiro,AC,+55 (051) 2753 1761
Aragão,GO,(031) 8291-3577
Pereira - ME,RS,+55 (084) 4789 8982
Almeida,TO,(051) 1457-3324
da Conceição Viana S/A,ES,+55 (081) 8514-3344
da Conceição Nogueira Ltda.,AP,84 9584-5089
Carvalho,RJ,+55 51 0889 6066
Costela,SC,(061) 9185 6928
Azevedo,MS,(051) 4096-2130
Martins e Filhos,MA,31 9179-8647
Castro,RJ,+55 31 4722 3896
Rocha da Conceição - ME,AC,+55 51 7608 5298
Gonçalves Peixoto Ltda.,CE,81 1267-8426
Martins,AL,+55 (031) 3885 9724
Gomes da Rocha Ltda.,RR,(031) 9154-6662
Pinto,ES,+55 21 8237 2850
Ferreira e Filhos,PB,(041) 8778-5785
da Luz Costa S/A,PB,(081) 6475 0028
Costa,DF,11 5865 4384
Rocha,PE,+55 11 3136 6022
Jesus,SP,+55 (011) 5232-3524
Aragão Souza e Filhos,SE,+55 51 7439 4417
Oliveira,MS,11 8245 4195
Melo,PA,0500 035 8416
Freitas,PA,(061) 9886-3582
Cunha,TO,+55 (011) 1613 7495
da Conceição Ramos - EI,MT,+55 81 8994-8343
Souza - EI,RS,+55 (051) 2598 4177
Lopes,RJ,+55 (041) 2599-5121
Araújo Moreira e Filhos,PI,(041) 5061 2392
Duarte,RR,(021) 4976-7299
Fernandes Nogueira - EI,TO,(031) 6009 2991
Mendes Carvalho - ME,MA,+55 (071) 9618 0518
Sales,RR,+55 (051) 6312 5146
Souza Martins - ME,AL,+55 84 1784 8950
Dias,RR,(011) 8976 8194
Fogaça,DF,+55 84 1740-2554
Freitas Jesus S/A,ES,+55 71 7866 9438
Cardoso,MS,(031) 2129 8434
Gomes - ME,GO,+55 (071) 9490 1902
Gomes da Mata Ltda.,MS,(061) 8509-8054
Duarte S/A,PB,+55 81 8141-1190
Cunha,RS,0300-135-2803
Novaes,AP,0900-412-7408
Fogaça Gomes e Filhos,AM,61 9592-8137
Pires Aragão - EI,RR,21 9664 8342
da Rocha,MT,0300-400-9451
Fogaça - ME,PI,+55 84 4159-0050
das Neves,TO,+55 (011) 7584 8705
Silva da Cunha S/A,MA,(021) 6317-7197
Viana,CE,(051) 2645 8911
Caldeira,RS,+55 (031) 7915 0342
Porto,MA,51 0885 6566
Moraes,AC,(031) 2669-5864
Souza,GO,+55 (041) 3543-5869
Barbosa Moura S/A,MG,+55 81 1890 5305
Barros,PA,(021) 6495 3983
Araújo - EI,RR,+55 (051) 6347 5755
Carvalho,AC,(051) 8218-4019
Souza,AM,+55 (031) 7231 8147
Dias - ME,RS,71 3613-6597
Moraes,PA,+55 (061) 1716-9761
Cavalcanti,PE,61 2915-2690
Castro,RS,84 7897-2364
Sales,DF,0300-873-3978
Rocha,RR,0800 702 0435
Viana,RS,+55 71 8092 8545
Ribeiro Ltda.,SE,81 7441 6443
Almeida Monteiro - EI,MS,(081) 0542 6570
Viana - EI,RS,(081) 4342-9936
Novaes das Neves e Filhos,PE,(021) 4427 0744
Nunes Martins Ltda.,MT,+55 (051) 7444 4296
Caldeira e Filhos,MS,11 9162 6824
da Rocha,SC,+55 (084) 0533-9182
Sales,TO,+55 (041) 4937-0524
Lima,AC,+55 11 8100-1744
Pires,PR,(084) 8185-3228
da Costa Almeida - ME,CE,(011) 7083-3599
Barbosa Almeida S/A,RJ,(061) 4574-9642
Carvalho S.A.,SP,+55 41 0350 8352
Cavalcanti,RR,+55 84 6945 5277
Silveira Ferreira - ME,ES,+55 (011) 2908-1736
Cunha,BA,+55 84 0930-4622
Pires,DF,+55 81 9841-4604
Moraes,RN,11 1590-7019
Silveira S.A.,BA,(021) 6844-8183
Santos,AL,61 8185 8311
Costela Pinto S/A,MT,84 6085-7738
Souza,AC,(084) 0358-1804
Alves,MS,+55 81 0909 5329
Azevedo,PB,(081) 4043-0617
Duarte Fernandes - ME,MS,+55 71 5883-9261
Mendes,MG,41 9740-0224
Dias,GO,+55 21 6495 2088
Silva,MT,11 3472-0411
Nascimento,MG,11 0898-2432
Gonçalves,RS,(084) 8569 9647
Pinto,AC,+55 31 3250-9297
Cardoso,MT,+55 61 9061-8895
Vieira Fogaça - ME,SE,(041) 4378 5660
Teixeira Oliveira - EI,ES,(061) 6588-9037
Peixoto Cardoso - ME,TO,(011) 3751-4052
da Conceição - EI,AC,41 5718-8021
da Costa Rocha S/A,MS,(011) 0278 2042
Campos - EI,TO,81 7443-6845
Silveira Dias S.A.,MA,+55 (011) 9469 7285
da Mata,SE,(031) 1684 5709
Almeida S.A.,AM,(061) 3791 3973
Azevedo S/A,MS,(061) 9565 5385
Ribeiro,MT,+55 21 5086 5331
Costela,PB,+55 31 0386-3981
Melo,PI,+55 (051) 2211 3665
Barbosa,AP,+55 81 3240 4305
Moura S.A.,PE,+55 51 9163 6264
Mendes Dias Ltda.,AM,+55 71 8339 3517
Duarte,ES,(011) 3038-4046
Peixoto - EI,PA,(061) 9787 9971
Rodrigues Cardoso Ltda.,MS,+55 71 9771 0699
Novaes,AM,+55 (061) 7800-6679
Silva,RO,(011) 0911-0153
Costela Vieira - EI,DF,+55 84 4702 3258
Azevedo,RJ,+55 11 4219-5570
Fernandes Ribeiro - EI,PA,+55 (031) 2300 7997
Caldeira Moura Ltda.,MA,+55 (061) 4322 5552
Santos,TO,31 7161-8103
Souza Costa - ME,CE,(031) 1201-5341
Farias,SP,0900-657-3921
Ribeiro,AL,+55 (051) 6824 1633
Nogueira - ME,MA,(051) 9683 8678
Costela,RO,+55 84 9120-8180
Costela Costela - ME,MT,+55 (071) 3750 2569
Almeida Martins - ME,RN,41 0673-1411
da Rocha - ME,PE,+55 (081) 4471 8772
Campos Porto Ltda.,MS,+55 81 3938 3657
Costela S/A,ES,(051) 5797 9553
Costela da Paz e Filhos,AC,0300-512-0947
Sales,PI,+55 (071) 5239-2716
Sales,AL,61 3317-4449
Porto Barbosa - EI,RR,+55 11 9694 1873
Rezende,RJ,71 9502-2128
da Costa,PI,31 3685-7724
Carvalho S/A,MA,+55 71 6663 9727
Silva,ES,+55 (021) 8381 9204
Correia S.A.,AL,0900-425-2929
Aragão Teixeira Ltda.,BA,+55 11 9371-7476
Azevedo,PR,0300-511-9798
Silva Cavalcanti e Filhos,PE,(061) 6487 5489
Lopes - ME,PI,(061) 3300 7946
Mendes,MS,+55 41 6947-5100
Azevedo,DF,(051) 1129 2977
Pereira,AL,+55 (071) 3501 8156
Souza,MA,+55 (051) 6076-2199
Santos Cardoso S/A,RR,+55 (051) 6441 7943
Nogueira,BA,71 1556 1943
Cavalcanti,MS,+55 (031) 9196-4492
da Mota Aragão S/A,MS,+55 (021) 1442 8069
Duarte S/A,RS,81 2042 9658
da Mata Ltda.,RS,0900-916-7494
Ribeiro S.A.,AC,+55 84 8177-1558
Costa,RJ,+55 21 1252-7074
Fernandes,DF,+55 11 7044-9654
Porto,RJ,0500 369 0113
Jesus,MA,0800-940-8344
da Luz Lima S/A,ES,+55 84 2420 4163
Almeida e Filhos,PI,+55 41 1039-3703
Barros,MS,+55 (051) 2097 7514
Porto,SP,+55 (041) 5381-5835
da Luz,AC,61 1764 2193
Farias,AP,+55 21 4950-6295
Pires S.A.,GO,+55 21 5047 1433
Alves,AL,+55 84 3257 9567
Martins,GO,41 1615-6446
Viana,SC,+55 (061) 5948-0840
Sales,MA,51 8271 0307
Lima,RO,+55 (084) 1596-6970
Peixoto Martins - EI,GO,84 5830 0839
Ferreira,RS,0900-904-0931
Pinto Correia - EI,GO,+55 31 5496 6340
Teixeira Jesus e Filhos,ES,+55 (081) 3453 0929
Pinto,RN,+55 (061) 5271 5514
Sales e Filhos,RS,0500 491 4884
Cunha,RO,+55 81 0823-2233
Costela,SE,+55 (041) 7051 2593
Cardoso - EI,AM,61 6551-6434
das Neves Fernandes - ME,SP,+55 (031) 8614 8902
da Mota,CE,41 2357 5200
Rezende,GO,81 1380-5211
Barbosa Peixoto - ME,SE,(021) 0130-8760
Vieira e Filhos,DF,(011) 7234-1767
Campos Araújo S.A.,SP,+55 51 7600 5138
Rocha,MA,81 2758-4262
Silveira,CE,+55 (071) 4856-5611
Ferreira Mendes S/A,PE,+55 31 3747-1299
Campos,RS,+55 (061) 5057-4473
Barros,ES,0500 946 4223
Novaes,PB,+55 (081) 8843 0252
Duarte,MS,0800-041-4524
Pires Ltda.,PB,+55 (061) 1606 6010
Campos,AM,+55 (071) 4648-1182
Nunes S/A,DF,+55 (011) 1196-2544
Souza,RR,(011) 2097 2076
Martins Ltda.,RJ,(081) 7584 1630
Pires,MS,0300-467-1699
Vieira,DF,41 5297-5216
Fernandes - EI,MT,(081) 8001 4206
Lopes,RO,(071) 3192 5391
Cunha,MA,+55 (061) 7756 3669
Jesus,AM,+55 21 7821 3956
Azevedo,PE,+55 (041) 9932-6176
Ramos Castro - ME,MS,(081) 6322-3987
Monteiro Gonçalves S/A,RR,(031) 2572-3411
Mendes,PR,+55 (071) 7661-6931
Moreira,RJ,21 5523 5155
Nascimento S/A,PI,81 5399 3071
das Neves,PB,(011) 7753-3725
da Mota,ES,0300-319-0713
Cardoso da Rocha S/A,AP,51 4254 7676
Campos S/A,RR,41 3945-1225
Farias,RS,+55 (031) 4456-0188
Ribeiro Souza S/A,PI,0300-754-5924
Cavalcanti e Filhos,MA,81 3703 7939
Moraes,AM,+55 61 8675 2233
Santos Barros e Filhos,PR,0500-670-5366
Oliveira,MS,(041) 0559-8387
Almeida,TO,0800-209-6687
Moreira S.A.,BA,+55 (071) 2068 8610
Teixeira,ES,(011) 7979 2821
Barbosa - ME,MS,(061) 4391 5896
Souza,AM,+55 (031) 0401 6273
Mendes,RR,+55 (031) 6603-5937
Oliveira S.A.,AL,+55 (081) 1689 3971
Rezende,RS,(084) 6889 4669
Pereira da Cruz S/A,MA,(041) 9849 8067
Lima,MT,0800-487-7968
Duarte S/A,MA,+55 81 4672-8289
Moraes,AL,+55 (081) 8217 4178
Porto - ME,GO,(011) 2196 7605
Araújo S/A,SE,(011) 7462 8656
Vieira Peixoto S/A,RS,+55 61 2851-0080
Araújo,PI,+55 (081) 5505 5898
Aragão,TO,+55 (021) 9288 6079
Pinto,RJ,11 2337-4988
Cunha,MS,71 1994 0088
Ferreira,PA,+55 11 0435 0829
Fernandes,AM,+55 (011) 8010 5746
Rodrigues e Filhos,AL,+55 81 5758-4059
Nogueira,MA,+55 (071) 4924 6988
Santos,GO,61 4233 8859
Gomes,SE,+55 21 5130 5225
Carvalho,PA,+55 71 4947 2116
Costela,TO,+55 81 4468 2414
Lopes,CE,+55 84 5170-7113
Costa,BA,(041) 1091-3504
Aragão e Filhos,SP,(041) 5561-8268
Rocha das Neves S/A,SE,(081) 0666-3194
Teixeira,BA,+55 (011) 8167 3158
Barbosa e Filhos,AC,(081) 7621 7168
Melo,AP,41 3231-9837
Campos S.A.,AC,(011) 3113 6181
da Mata,MG,51 0703 6872
Santos Ltda.,RN,(071) 2236 8997
Caldeira Gomes S.A.,RN,+55 71 6015-7162
Rocha S.A.,RN,+55 (011) 3576 3125
Santos,AC,+55 (051) 6452 7750
Nogueira e Filhos,PB,51 6651 0280
Campos,ES,+55 (011) 1345 3647
Castro S.A.,MA,61 4833 6390
Rodrigues Ltda.,PR,+55 71 7869-9202
Freitas S.A.,CE,51 7155 7641
Moraes,PE,+55 (051) 6913 5356
Pereira,RS,41 3704-1651
Barros,MS,+55 (051) 9087-3600
Farias,SE,+55 (021) 6971 5381
Porto S.A.,DF,(021) 0176-7376
Lima Ltda.,AC,+55 84 0799 0386
Dias Santos Ltda.,GO,0500 189 6464
da Conceição S.A.,SP,+55 (041) 7617 1493
das Neves,RN,(084) 2162 5885
Gomes - EI,AL,0500 823 2802
Jesus Ltda.,PI,+55 (011) 9421 3392
Cardoso,ES,11 8032 2666
Rezende,MS,(081) 1564-3034
Melo - EI,MS,71 7600 7992
da Costa Costa - ME,MG,+55 84 8380-0269
Cunha Jesus S.A.,MA,(051) 3604 8227
da Costa,PA,(021) 1289 1936
Pereira,SE,0300-174-0572
Rocha,RO,0800 603 1278
Pereira,CE,(011) 2066-6315
Lima S.A.,SE,+55 (031) 6325-1594
Rocha Barbosa e Filhos,AM,(071) 6546 3222
Azevedo,AM,+55 (051) 3852 7009
Melo,CE,+55 11 0196 7873
Viana S.A.,DF,61 2683 9649
Nogueira,PA,0500-017-7443
Cardoso,RR,21 2608-8471
Duarte Melo Ltda.,PE,+55 (021) 9490 7670
Moreira da Paz Ltda.,AC,+55 (084) 7726 3761
Monteiro Ltda.,SE,0800-897-8051
Porto,DF,(071) 5056-7032
da Costa,PE,84 1286 1832
Gomes Correia - ME,PI,0900 675 9017
da Paz Gomes e Filhos,RJ,+55 31 3681 2148
Barbosa Silva - ME,RS,81 4960-5151
das Neves,AP,+55 84 5283 9166
Viana - EI,SP,(011) 5765-4968
Moura Ltda.,AP,+55 11 5546 8637
Nunes,RO,(041) 7541-9035
Rezende - EI,RS,0800 840 3683
Souza Fernandes - ME,MT,51 4774 9229
das Neves e Filhos,DF,+55 (051) 5648 8863
Oliveira,SP,+55 (061) 4264-7072
Lopes Duarte S.A.,RN,(031) 4975 9754
Freitas S/A,RJ,11 6615-4347
Gonçalves da Conceição e Filhos,AM,(041) 1889 8398
Pinto,SP,21 5906-4635
Rocha,PE,11 9633-9361
Peixoto Pinto e Filhos,MG,(081) 6903-6476
Cunha e Filhos,BA,81 1293 7285
Barros Costa S.A.,SP,+55 31 1283 2409
Castro,RS,+55 (071) 0416-6644
Jesus,RN,41 5220 7997
Aragão,ES,84 4320-4723
Cardoso - ME,CE,(031) 2024-2769
Souza Ltda.,RR,(041) 3749-1314
Melo Ltda.,RJ,+55 21 0390 9864
Dias Costela e Filhos,PA,84 2368-6419
Teixeira,DF,(031) 3133-7426
Cavalcanti - ME,GO,0300 810 0990
Barbosa,DF,+55 21 6643 2481
Alves,PA,(031) 9999 4607
da Conceição,PI,(061) 9615 2418
da Cruz,CE,+55 (031) 1398 7374
Silva Mendes - ME,PA,+55 (041) 4820 9431
Aragão Carvalho - ME,CE,(041) 8325-6530
Fogaça,ES,0300 374 8825
Dias,PB,+55 41 8627 3724
Cavalcanti Sales e Filhos,PA,+55 (011) 6727-5878
Araújo,PR,(081) 7427 4019
da Cruz,RR,+55 31 5307 8754
Monteiro S.A.,DF,+55 (084) 9099-2245
Cunha Ltda.,PA,71 4964 2924
Pereira,PA,(061) 2922 6169
Nunes e Filhos,AM,31 8804 7873
Fogaça,ES,+55 (084) 1868 0468
Costela,DF,+55 41 9238 8974
Azevedo,PI,+55 81 6970-7767
Santos,MS,+55 11 5169 8060
Pires,AL,+55 (081) 0690 6770
Martins,TO,+55 51 9697 0341
Freitas S.A.,AP,+55 21 3349 1984
Cardoso,PI,(031) 1589 1038
Lima,AP,(084) 7611-6372
Nogueira,RS,51 1816 5844
Barbosa,GO,0300 284 5239
da Rosa Silva S/A,SC,+55 41 1863 9008
Duarte Fogaça S.A.,MS,(031) 3526 7926
da Cruz - ME,PR,84 2697 8883
Sales S.A.,RS,(021) 1497 1292
da Rosa Moura e Filhos,PB,0800 664 8043
Ferreira Silva - ME,DF,+55 (051) 8429 8948
das Neves,RJ,(011) 9288-7852
da Luz S/A,PB,0900-916-2041
Lima e Filhos,PB,(081) 5244 3541
Nascimento,DF,+55 31 6370 6430
Cardoso - ME,MS,(021) 4751 9982
da Rosa,AP,71 2055 4598
da Conceição Pinto S.A.,DF,(081) 3354-9335
Silva da Rocha - ME,SE,(021) 1477-5262
Jesus S/A,PR,+55 (071) 5734-4492
Santos Caldeira - ME,ES,+55 (021) 3595 1636
Oliveira,AC,61 4580 7091
Melo S.A.,AP,(021) 5793-7099
Freitas,MS,51 2653 8190
das Neves S/A,ES,(071) 1070 1118
Pereira,TO,(071) 6150 3443
Rodrigues,PI,+55 (031) 1173 4062
Costa,SC,+55 (071) 6009-8588
Monteiro,PA,+55 (081) 5728-8982
Teixeira,RJ,+55 (071) 1447 3398
Aragão Cardoso S/A,PA,+55 (081) 2987-7979
Ribeiro Carvalho - EI,MG,41 9509-8351
da Cruz S.A.,MG,(084) 5125 5829
Castro - ME,AP,(081) 2262 5012
Barbosa,SP,+55 (031) 0788-7482
Rocha S/A,MG,0900-200-3803
Peixoto - ME,PB,0300-402-4658
da Luz,MG,+55 84 5842-5376
das Neves Pinto Ltda.,RS,81 8918 3194
da Cruz S.A.,MS,+55 84 8777 4881
da Paz Ribeiro - EI,DF,+55 84 3017-5789
Rezende - ME,PB,+55 (031) 2882 0919
da Paz Castro e Filhos,RJ,+55 21 4389 8390
Dias Melo Ltda.,PE,(021) 2454 4285
Souza Costa S.A.,PR,84 4298 2647
Carvalho Alves e Filhos,AL,+55 61 1852-8094
Ribeiro Ferreira Ltda.,DF,71 0517 4401
Moraes,DF,+55 (021) 6792 9384
Porto,AC,+55 51 6872 7942
Duarte - ME,PA,+55 (031) 8361-5216
Porto Rezende Ltda.,PA,0500-165-2177
Nunes - ME,MS,(081) 4355 5753
Lima - ME,SP,(011) 2138 7928
Gonçalves S.A.,MT,0800 370 2256
Silveira - ME,AC,+55 71 8082-8732
da Rosa,PR,(041) 0185-8904
Nogueira Rodrigues - EI,MS,(031) 4269 6179
Cavalcanti,PE,11 1455 5125
Moreira - ME,RO,+55 (041) 7970 7168
da Paz Ltda.,RR,(021) 4334-8148
da Cruz Ltda.,SP,+55 (031) 4449 4697
Oliveira,GO,(071) 8145-0636
Caldeira Vieira S.A.,ES,51 2597 6441
Silva S/A,AM,+55 (084) 3142-5326
das Neves - EI,AM,31 0178-1023
Costela,SC,61 4921 8881
Melo Gomes - EI,ES,51 7281 0403
Moreira,BA,+55 (081) 1796 0278
Martins,PB,61 5625 7017
Pereira,RJ,0300 571 4478
Santos e Filhos,PB,61 0798-2609
das Neves e Filhos,CE,0800 209 3712
Nunes - EI,AP,(041) 7561 7990
Caldeira Lopes Ltda.,SC,+55 71 6204 3790
da Luz,MG,+55 (011) 6970-4413
Fernandes,PR,+55 81 1773-1924
Lopes - ME,PI,(031) 6904-9375
da Mota,PB,+55 (081) 3530-3170
Melo,AP,(041) 5819-2786
da Costa,PE,(071) 6435-7516
Lima,MS,+55 (084) 0978-2482
da Rocha S/A,AL,+55 11 2584 5135
Aragão Monteiro S.A.,GO,+55 51 2975 4714
Freitas,DF,0300 688 8030
Campos,GO,+55 (071) 3877 7172
Monteiro,AC,+55 61 0808 8290
Viana Silveira - EI,AP,84 9944-1739
Moura Ltda.,SE,0500-704-0398
Monteiro Ltda.,GO,+55 51 6860 0565
Rodrigues da Cruz - ME,MG,+55 (084) 7890-7423
da Cunha,MS,(021) 4582 3197
Campos Costa - ME,AM,61 2280-1704
Cunha e Filhos,PA,0800 576 3111
Barbosa da Luz - ME,BA,81 2222-7955
Nascimento,DF,0900 981 3814
Viana,MS,31 3345 6937
Peixoto,ES,(051) 4839 1626
Porto Novaes e Filhos,GO,31 6680 5601
Gomes Ltda.,MS,0300 252 3397
Teixeira,BA,+55 (031) 8705 5704
da Conceição,RJ,0300 008 0208
Mendes Ltda.,AC,+55 (031) 8066 6942
Rodrigues S.A.,RN,(021) 2299-1728
Fernandes,BA,+55 21 3935-3637
da Luz e Filhos,PA,81 5450-8986
Caldeira Rodrigues - EI,RO,+55 11 4236-3730
Nogueira Gonçalves - EI,MA,+55 (041) 0213-0185
Aragão Silveira e Filhos,ES,+55 (051) 9877-3271
Porto,PA,84 0792 0742
Farias Costela S/A,PE,(041) 1905 8104
da Luz,SE,71 7493-6231
Aragão S/A,RS,+55 (011) 1297-4447
Souza Ltda.,TO,+55 (061) 0563 1387
Nogueira,RN,0500-452-4217
da Mata e Filhos,AL,+55 (051) 4183-5484
Fogaça,AP,+55 (031) 4283 5958
Costela,GO,+55 (021) 4914-3111
Duarte Campos Ltda.,MA,71 7171-8489
Gonçalves,ES,51 2183 3349
Aragão Viana e Filhos,PB,31 6043-1893
Nascimento da Conceição S/A,AM,+55 (071) 8171 2382
Rodrigues - EI,RJ,(071) 2068-2411
Almeida Moraes - EI,PE,(081) 2270-3690
Novaes Ltda.,RN,84 1451-9839
Fernandes - ME,PR,+55 (051) 7231-5530
Pinto Mendes S/A,ES,0900 244 0511
Mendes,TO,+55 (051) 4455-9158
Ferreira Nunes S/A,PB,+55 51 6965 2169
Rezende Ramos Ltda.,MS,41 5082-3272
Cavalcanti,PI,(041) 0090 5380
Cardoso e Filhos,AM,71 7880-8383
Cardoso,BA,84 1857-1848
Almeida,MS,0300-584-4098
Pereira Teixeira - ME,SP,41 8248-8822
Duarte,GO,+55 21 6539 4006
Vieira,RR,(041) 4476 1213
Cardoso da Costa S.A.,SC,0900-970-2128
das Neves Aragão S.A.,PB,+55 (021) 6909 1181
Teixeira,MA,(051) 8147-1664
Pinto da Rocha - EI,MS,(071) 3493 3495
Pinto,RJ,+55 (011) 4384 0843
Gomes da Rocha - EI,SP,(061) 4824 5360
da Rocha Ltda.,PR,+55 81 7263-4353
Farias,MG,+55 41 9486 9272
Gonçalves S/A,PE,+55 (071) 6488 0459
Cardoso Rodrigues - EI,AC,51 1173 5194
Gomes,TO,+55 (051) 2396 0855
Pires,AM,(081) 4428-7317
da Mota Ferreira S/A,AP,(061) 3905-8344
Lima,RN,41 3670-2996
Novaes Freitas - EI,RO,84 4710 7117
Moraes,GO,51 0265 3599
Moreira,GO,(084) 0021 3605
da Mota Ramos - EI,MA,+55 (021) 1180 0824
Silva,AP,+55 (081) 3279-5418
Aragão Ferreira S/A,GO,+55 (051) 0979 9026
da Cunha,MT,+55 (084) 2920-0755
Ferreira,AM,(031) 8026-2067
das Neves S.A.,AL,51 8957 3867
Barros Costela - EI,AM,+55 31 4958 6510
Ferreira,AC,+55 31 3891-7290
Cunha,SC,(084) 0053 0184
Cavalcanti,BA,31 0147 5212
Pires,PR,81 7251-0091
Monteiro,MS,+55 11 3874-9079
Martins da Cunha - ME,AM,+55 (031) 6563 5264
Fernandes,ES,(084) 5607 0343
Teixeira Ltda.,PE,+55 71 3097-3856
da Cruz e Filhos,PA,61 3134 7282
Barbosa Moura S.A.,MS,+55 71 0420-5029
Alves,SP,0300-924-6695
Oliveira - ME,RO,61 5814 0919
Jesus,RS,+55 (081) 9999 2163
Barros,BA,+55 (031) 4725 8840
Rocha Dias - ME,AL,+55 (031) 8514 8189
da Luz,RS,(021) 9149 7942
Monteiro Gomes S/A,SE,11 4858-5119
Azevedo e Filhos,AP,+55 (081) 8546 1637
Carvalho,RO,84 7787-9892
Souza da Mota Ltda.,RO,+55 (041) 2633-7868
da Conceição,AM,(071) 2833 1313
Carvalho,MA,+55 41 0159-2578
Barbosa - EI,PA,+55 (061) 4838-4656
das Neves e Filhos,RN,+55 (071) 4124-9094
Gonçalves Moreira Ltda.,MS,31 8648-8513
Silva - ME,RR,+55 (061) 8582-0739
Castro,RN,84 1726-2893
Rocha - EI,AC,(071) 1680-8008
Teixeira,RN,+55 (031) 0796 1643
da Rocha,DF,31 5799 4371
Barros da Mota S/A,AM,(071) 1769-5377
da Rocha,PR,(021) 3942 6732
Castro Ltda.,SP,0500 277 5363
Nogueira,BA,+55 (041) 6315 7002
Moreira,MT,(084) 6719 9824
Rezende,PA,(041) 3280-2099
Moreira Ramos e Filhos,RN,31 6754-3855
Oliveira,SE,+55 41 6740 1172
Porto Silva Ltda.,AP,+55 (031) 2375 0512
Silveira Almeida - ME,PB,+55 81 6545-9748
da Rocha das Neves S/A,PA,+55 (041) 7505-0392
Santos,BA,(041) 1568-5596
Viana,GO,(061) 1834-1098
Cardoso,BA,11 2301-1007
Ramos,PA,+55 (021) 8605 9895
Pinto,AP,(071) 3638 9507
Nogueira,GO,11 1626-6681
da Rocha - EI,DF,+55 (051) 7597-5809
Martins,CE,(084) 0033-7803
da Mota,CE,+55 (051) 1990-0826
Teixeira e Filhos,MS,+55 (051) 2513 6321
Gonçalves e Filhos,MT,0300 990 4025
da Conceição S.A.,BA,(084) 6400 6712
Azevedo Mendes - EI,RN,0800 149 6768
Rodrigues,ES,51 2331 8057
Souza Almeida - ME,PB,(041) 4542 4151
Campos S/A,RR,31 0022-7864
Farias,ES,+55 (051) 4797-2980
Ramos,PA,(084) 8865 5118
Fernandes Alves S.A.,RO,11 2031 6945
da Rosa,MS,0800 787 9870
Moraes,MG,0300 371 6574
Dias Ltda.,SC,81 3193-1184
da Cunha Gomes - EI,PI,+55 (021) 5653 0038
Pires,ES,+55 (031) 3162-0368
Nascimento,GO,+55 71 2496 5349
Silveira,RS,11 5653 6370
Araújo Ferreira e Filhos,MS,+55 51 9609 6784
Monteiro,MT,+55 (081) 7970-7201
Correia,MA,71 3302 4966
Farias Nascimento - EI,MS,(084) 0157 6767
da Rocha S/A,AP,0800-836-8420
Lima,ES,(081) 5013 9215
Cardoso,AP,+55 71 7642 9071
Rodrigues Farias S.A.,AP,(071) 9785 7850
Sales Ltda.,PB,+55 61 0676-3258
Viana da Rosa Ltda.,RJ,51 7879 2689
Azevedo Ltda.,PB,+55 81 3539-9854
Pinto Ltda.,PR,0900-630-0309
Melo,PR,(021) 5733 6637
Ferreira Ltda.,BA,81 3957-5583
Peixoto Nogueira S.A.,RN,+55 31 6157-3669
da Rosa,GO,(084) 1891 8041
Mendes,GO,+55 81 7225-1000
Cavalcanti S.A.,DF,+55 81 6468-2741
Araújo,RJ,(041) 0312 4446
da Mota,RJ,+55 (041) 5709-7513
da Conceição,SE,(051) 0120 2444
da Paz e Filhos,AP,0800 168 0864
Cunha Ltda.,MA,(031) 1187-4200
Martins das Neves - EI,PR,+55 81 9078-6324
Dias,AC,+55 (071) 4248-7256
Fernandes e Filhos,RJ,61 4457 0488
Nascimento Freitas S/A,PB,+55 61 2169 9303
Aragão S.A.,SE,41 8912 4462
da Cruz S/A,PB,+55 (051) 8501 1657
Duarte S.A.,PB,(011) 7967 9580
Silva Dias e Filhos,PB,0900 417 6373
Cunha,SP,21 8449-6417
Araújo Lima S.A.,PI,(031) 4521-5039
Gomes S/A,MS,+55 51 6973 4376
Cunha,SC,+55 71 7433 3920
Silva,SE,(084) 6244-2805
Cavalcanti Lima - ME,RN,84 8118-8661
Rocha,RJ,+55 (041) 5490-8846
Lopes S/A,TO,21 6391-6022
Araújo da Cunha e Filhos,SC,(051) 2276 7879
Carvalho Oliveira S.A.,SP,+55 71 8839 8349
Cavalcanti,RR,+55 (061) 6123 7723
da Mota Freitas Ltda.,BA,+55 (021) 4212 9234
Melo,DF,+55 (081) 3854-7386
Moura Ltda.,CE,11 1636 5718
Oliveira - EI,TO,+55 (021) 2094 6554
Nunes,PA,+55 21 1832 2006
Martins Ltda.,RN,84 4870 4959
Carvalho,TO,0900 022 6796
Souza e Filhos,RS,0900-095-7840
Castro,PE,(021) 9325-3044
Pereira da Cruz - EI,MS,+55 51 7569 2525
Pires S/A,DF,+55 11 1279 8457
Fogaça Ltda.,CE,+55 31 1892 1990
Ferreira,RR,+55 61 6753-5581
Peixoto S/A,DF,51 1475 4574
Almeida,PB,(084) 1771 6146
Costela,AP,+55 41 4092 0853
Sales,TO,+55 84 6351 6119
Oliveira - ME,MT,(041) 1504 9885
Oliveira Souza - EI,TO,81 2314-4448
da Costa Viana Ltda.,RR,+55 31 6574 8535
Santos,PE,+55 (061) 7108 3564
Martins,PR,(061) 5878 6970
Porto S.A.,MS,+55 21 3561 0874
Novaes Souza - EI,AM,+55 (061) 2791 3430
Ribeiro Moura - EI,PR,0500-405-1668
da Rosa Ltda.,AL,+55 41 8725 0975
da Paz Rezende Ltda.,SP,81 5931 0251
Dias Alves Ltda.,ES,31 1164 2638
Moraes Ltda.,AP,(061) 2082 9605
Peixoto - EI,DF,(061) 0392 5641
Duarte - ME,AM,21 7327 6171
da Rocha,DF,+55 11 6245-3335
Nascimento Gomes e Filhos,MT,(031) 2756-6904
Rocha,PB,41 2605 9068
Silva,PB,0500-118-9689
Melo - EI,RN,31 4068 5932
Sales,AP,(021) 4633-2907
Rocha,SE,+55 84 9473 0432
Rocha,PE,0800 391 3054
da Cunha Souza - ME,MA,+55 84 6867 2706
Cunha S.A.,SE,+55 (021) 1886-2490
Mendes Silva e Filhos,PE,(081) 7028 5031
Gomes Ltda.,MT,31 5273-0294
Oliveira Ltda.,RN,0500-127-9567
da Costa,AP,(041) 9167-5180
Cavalcanti,AC,(051) 8693-5218
Sales Ltda.,MA,+55 (031) 2039 6736
Pereira S/A,AL,84 2074 7449
Rodrigues Azevedo - EI,PB,71 8274-8930
Pinto Ribeiro S/A,MG,0300-161-3183
Vieira - ME,TO,+55 41 8702-6870
Souza da Mota Ltda.,ES,+55 61 8609 2169
da Mota Caldeira S/A,PB,(041) 8223-1498
Peixoto,SP,+55 (071) 5428 4010
Pereira,TO,+55 51 1519 6348
da Mota,TO,(011) 7859 9670
Souza,PI,+55 51 6996 0588
Caldeira,PR,51 3687 7197
Cardoso,SE,(071) 9667-4992
Aragão,PB,0900-064-2635
da Costa,AC,(084) 3381-6198
Lima - EI,RS,+55 81 1983 8191
Martins,AM,41 1878-9258
Duarte,SC,+55 31 2421-0264
Alves,MA,+55 11 4973-0912
Alves,SP,+55 (084) 2642-8010
Cardoso,AL,0800 651 2144
Rezende,RR,(061) 1340 0189
Nunes Cardoso S.A.,AC,+55 (021) 8317-2824
Ramos Barbosa Ltda.,MG,+55 (021) 3388-2744
Vieira,MT,(051) 3550-2750
das Neves S/A,AM,+55 81 9266 3348
Nascimento da Luz Ltda.,ES,+55 (031) 3165 6993
Moreira,RR,61 8511 6838
Vieira da Paz S/A,CE,+55 11 3063 5378
Ferreira da Mota e Filhos,SC,(021) 9217 9688
da Cruz,ES,+55 (021) 9756 7756
Moraes Pereira S.A.,MA,0900-287-1843
Dias,ES,+55 (021) 8974-7583
Gonçalves S.A.,RJ,+55 (011) 5506 0632
Santos,SE,+55 51 4926 7765
Barros,AM,+55 41 3657 1733
Campos Ltda.,PE,(084) 0302-4703
da Paz e Filhos,RJ,11 7491-9274
Barbosa,MA,(011) 1568 8358
Dias,AM,41 7015-2650
Santos,MG,+55 21 7193-0298
Vieira da Cruz S/A,SE,+55 (011) 2521 6424
Caldeira,ES,(071) 7713-2910
Moraes,RO,+55 81 6794 3664
Silveira,DF,+55 31 6882-8139
Araújo,SP,(031) 6087 5692
Rocha da Luz - EI,AP,0900 084 9773
Cardoso - EI,BA,+55 61 1051 8337
da Mota,RO,(061) 0233 5404
Campos Teixeira - EI,DF,11 9999 7066
da Conceição Jesus - ME,SP,81 4664-8059
Ramos e Filhos,PR,51 2002 9352
Silva,AP,+55 (081) 3031 6358
Rezende Ferreira - ME,ES,+55 (081) 4637 2439
Oliveira da Cruz e Filhos,MG,+55 (071) 2693-4410
Novaes Peixoto Ltda.,BA,+55 21 2716-0051
Nascimento,DF,84 6317-4584
da Luz - ME,RJ,+55 (051) 5854 1389
Souza S.A.,AC,(041) 1921 5712
Novaes Teixeira S/A,MG,0300 863 3852
Ribeiro,RS,71 1602 0541
Lima - EI,RR,71 2317-2156
da Mota e Filhos,MG,31 4312 0908
Rocha Oliveira e Filhos,PI,0300-248-1684
da Costa,PE,(041) 6276-9305
Souza,CE,+55 61 2043-8878
Jesus Alves Ltda.,RO,+55 51 6034 1085
Carvalho e Filhos,TO,(061) 3803-5628
da Mata,AP,81 2674 9602
Pinto,PA,(084) 5797-4778
Castro - ME,AM,41 6138 1208
Freitas,AL,0500 861 3205
Ferreira,PB,+55 (061) 8515 3504
Mendes e Filhos,GO,(051) 7861-0585
Farias S/A,CE,+55 (061) 2499 2999
Duarte,AP,+55 71 9104-5296
Oliveira,MT,0800 693 0462
Barbosa,PA,81 2218-9097
Azevedo - ME,GO,61 9738-4499
Dias e Filhos,ES,(021) 1380 7100
Aragão,PA,0800-519-2634
Fogaça,MA,+55 (041) 9709-8246
Aragão S.A.,RN,11 6885-4963
Moreira Ltda.,RJ,+55 84 1021-7407
da Luz,RO,+55 11 0059-5897
Gomes Costa - EI,BA,+55 41 8305 8935
Silva,PA,+55 (081) 8625 3904
Sales Rodrigues S.A.,TO,51 4829 0802
Moraes Freitas e Filhos,SP,11 2201-0641
Farias,RR,(084) 1250 7191
Costa,ES,+55 71 0140 7277
Nascimento e Filhos,MT,31 5222 6700
Teixeira Ltda.,SP,+55 21 2246 3284
Ramos Oliveira - ME,ES,(081) 3394-2701
Lopes S/A,TO,+55 81 5995-4333
Campos Teixeira S.A.,AP,+55 51 8593 3895
Farias - EI,CE,(084) 7735 7929
Rezende Ltda.,AL,0300-015-0963
Ribeiro Ltda.,CE,84 3716 9006
Peixoto,AL,(071) 7045 2558
Ramos Correia Ltda.,PA,21 3671 8374
Moraes,AC,(031) 5725 9506
Pinto Gomes - ME,ES,(021) 5948 5138
Lima Costela e Filhos,AM,+55 21 5752 5896
Rocha,AC,(084) 1102 8547
Aragão da Paz S/A,SP,41 8135-6599
Santos,DF,(051) 1713-1486
Porto,RN,84 9021 1222
Correia Nunes Ltda.,BA,(041) 3163-2376
Silva,GO,51 9480 2738
Barros,SC,84 0759-0533
Rezende,DF,31 8179 4459
Araújo,ES,+55 (061) 0881-9741
Fogaça,RO,+55 71 5853-3676
Moraes,MA,(081) 9893 8123
Moraes Oliveira S.A.,PE,+55 (011) 7325 1872
Silva da Mota - ME,PR,+55 (021) 4735-2860
da Conceição,MS,+55 (051) 2811-6774
Ramos Teixeira S/A,RN,(084) 1292-9692
Monteiro S/A,ES,+55 11 1195 2752
da Paz,PI,+55 84 2167 9811
Cavalcanti,MA,+55 11 9065-7286
Barbosa,SP,21 8567 7750
Pinto Porto e Filhos,MA,+55 (021) 0118 8846
Rezende Almeida - EI,RJ,21 5136 1795
Moura - EI,PI,41 8155 5789
da Luz e Filhos,MA,+55 (041) 6426 1818
da Cunha,PI,+55 (021) 1379-9196
Souza,DF,(041) 7257-4884
Rodrigues,ES,+55 (021) 5970-2386
Pereira Ltda.,CE,51 8220 7939
Araújo,RO,+55 51 9990 4313
Barros,AL,+55 31 2197 6551
Nogueira,AP,(081) 3045-9324
Caldeira Moreira S.A.,AP,61 7199-5676
Ramos S/A,BA,+55 84 1452-7540
da Conceição e Filhos,RJ,81 8946 6057
Ribeiro Oliveira S.A.,MA,(031) 8263 6934
Barros,SE,(011) 2683 5415
Campos,AC,(031) 8070 9138
Teixeira,SE,(084) 3792-5189
da Costa Fogaça S.A.,AM,+55 (011) 5070 2033
da Luz,MG,+55 (041) 4430 3159
Vieira da Paz e Filhos,CE,0500 106 1282
Rocha,RO,(071) 6272-2214
Carvalho Freitas e Filhos,PR,51 0803 6131
Nogueira,MT,+55 21 8252 4065
Moreira,AL,+55 (011) 5601 4263
Fogaça,MG,+55 11 9511 4402
Dias,AP,84 4740 5570
Freitas Nogueira S/A,PI,+55 21 1104-5590
das Neves da Conceição - ME,DF,+55 51 5823 2163
Mendes e Filhos,SC,81 5389-5129
Carvalho Azevedo S.A.,SC,+55 51 6991 4206
Viana Araújo Ltda.,CE,(071) 3164 4777
Costela da Costa e Filhos,PB,0900-857-1779
Gomes Rocha - EI,MT,+55 51 2621 8534
das Neves Cardoso - EI,RO,+55 (084) 4599 0889
Pereira,MS,11 9181-6677
Nascimento - ME,PE,41 2387-5996
Freitas Ribeiro - EI,AL,41 7955 3706
Teixeira,GO,(081) 2568-7870
Peixoto Viana - EI,PE,(081) 1159-9642
Farias - ME,RO,31 6663 9197
Novaes Silva Ltda.,AC,+55 (021) 6569 7027
Sales Silveira - EI,PI,(084) 4934 1321
Ferreira Teixeira S/A,TO,41 3833-4273
da Costa S.A.,AC,0300 106 5064
Sales S/A,CE,+55 41 4036-9649
Souza,RJ,+55 (061) 3412 9710
Cardoso - EI,CE,(081) 9349-7628
Almeida Moraes - EI,MG,+55 41 5577 0377
Sales,PR,(041) 8374-3727
Cavalcanti - EI,MG,+55 (081) 7962 4510
Fogaça,TO,+55 (084) 5035-1576
Jesus,MT,(084) 8530 5472
Gomes Alves - ME,AP,0800 887 9561
Cavalcanti,SC,(061) 5590 5895
Viana Jesus S.A.,AP,+55 81 9090 8776
Vieira - EI,RN,61 0424-2414
Duarte,PB,+55 (051) 6134-2711
Castro Costa S.A.,MT,(031) 7672-0550
Azevedo Gonçalves S.A.,AC,81 7859 1945
da Paz - ME,RN,(084) 3533-3491
Rodrigues,MT,+55 (021) 4551-8416
da Luz da Rosa - EI,MS,+55 71 7261-7811
da Cunha,RO,0500 383 5023
Caldeira - EI,PE,31 6551-6618
Alves S/A,AM,84 2893-0233
Freitas e Filhos,RR,+55 41 6241 4155
da Rocha Freitas - EI,DF,+55 51 1261 0054
Lima - EI,AM,51 2935 3166
Martins da Cruz e Filhos,CE,0300 048 9212
Pires,AC,(061) 9759-1688
Cavalcanti,PE,(041) 9434-2184
da Rosa,ES,+55 (051) 7136 9094
Cavalcanti Jesus S/A,ES,21 0356 3219
Lopes S.A.,PR,+55 61 7557-5474
Campos,SE,+55 41 4466 0144
Campos,TO,+55 41 9455 2751
Pires - EI,PA,+55 51 8264 8072
Barros - ME,RO,+55 81 9885-4404
Gomes - ME,SE,(031) 5732 0804
Alves,AC,(061) 8340 9569
Campos,SC,(084) 6637 8896
Cunha e Filhos,AP,+55 (021) 5074-1368
Moraes,TO,61 0192-6959
Campos,DF,+55 (081) 8878-2428
da Rocha,MS,+55 61 6918-0976
Monteiro,MS,(041) 6662 0213
Sales,CE,(031) 1888-7276
Rodrigues,AP,+55 (084) 9180-9206
Barbosa,AM,31 4920-6965
Costa,SE,81 5110 5838
da Cunha,MT,31 3780 8268
da Rosa,AM,+55 (081) 6666-1012
da Paz Rocha S.A.,SE,+55 (081) 1478-6472
Dias,PE,0300-330-2604
da Cunha,GO,+55 51 1498 1965
Freitas S/A,PB,71 6970-4695
Silva,SC,+55 81 1202-8183
Oliveira S/A,AL,(011) 0834 0749
Ferreira - ME,RN,(084) 3849-9497
Caldeira,PB,(071) 9736-3065
Ribeiro Gomes S/A,MA,+55 (021) 1727 0912
Moraes - ME,ES,71 1418 0946
da Mota,GO,+55 84 0956 3496
Alves S/A,PR,+55 51 7539 4887
da Cruz e Filhos,PR,(061) 4799-6747
Pires S.A.,SP,+55 (051) 4139-0164
da Conceição S.A.,SE,0500 607 0160
Gonçalves,AL,(021) 8670 8664
Santos Moreira - ME,PR,+55 71 7999 3043
Rodrigues,SE,+55 (061) 6239-3097
Caldeira,PI,+55 84 0620 2631
Gonçalves,MT,0900-859-2371
Aragão,MG,(021) 1762 7201
Fernandes - EI,AL,+55 51 2009 4290
Pires,ES,+55 (081) 4856 3391
Dias,AC,31 9344-7105
Pereira Farias - EI,GO,+55 71 0471-0095
Almeida,PB,+55 41 1768-2102
Carvalho,GO,21 7136-5982
Fogaça,MT,0900 521 8730
Rezende,RN,+55 11 3671-2950
Barros da Rosa S/A,SP,+55 (011) 4354-7256
Viana S/A,BA,+55 (021) 8821-0719
Pereira Cardoso Ltda.,RO,84 7729-1092
Dias,AM,71 3489 2451
da Mota S.A.,MG,0900 421 7393
Nogueira e Filhos,AP,51 8223 0440
Cunha Ltda.,AP,+55 (051) 8297-3043
Nogueira,RS,+55 71 2683-0799
Moraes,RJ,+55 (031) 6535 1261
Novaes,RN,+55 (011) 6635-0450
Moura,CE,81 2077-3302
Freitas e Filhos,AP,(071) 0567-5386
Moreira,PR,61 8449-4067
da Cunha Alves S/A,PA,+55 21 0684-0764
Lima Araújo e Filhos,AC,61 1058 5031
da Rocha - ME,CE,(084) 3615-2506
Correia,SP,+55 31 9991 9962
Moraes,PR,0900-515-9405
Nascimento Dias S/A,AP,+55 (031) 0415 7739
Araújo Nascimento - EI,AC,+55 (084) 4324-3411
Alves e Filhos,SC,0900-972-9760
Teixeira - ME,MS,+55 81 9169-1206
Ribeiro S/A,MA,(051) 6864 9930
da Mata e Filhos,MG,+55 11 5564-1028
da Conceição - ME,SP,+55 (051) 8125 0104
Silva,RO,71 9078 1865
Cardoso,PR,+55 41 5709-9286
Nunes Sales Ltda.,AP,31 5399 1047
Gonçalves Campos - EI,AM,+55 81 8968 5569
Viana Silveira S.A.,PR,+55 81 7763-1911
Peixoto - ME,SP,31 4665 2799
Gomes das Neves S.A.,RS,0300-542-4144
Gomes,SE,21 5263-2565
Caldeira Carvalho S/A,RS,+55 (061) 2801 6237
Barbosa,RO,+55 81 3673 8206
da Mota Costa S/A,CE,0300 428 7718
Ribeiro,TO,+55 (031) 4707 6105
Lima,RS,(051) 3038 1881
Fernandes S/A,SC,0300 827 9468
Lima,MT,21 7477 7346
Gonçalves,SC,51 4769 2365
Ribeiro S/A,PI,(061) 9952-7977
Porto,MA,+55 (081) 1387 7408
Farias,ES,0300 332 0820
da Luz S.A.,MG,+55 (031) 0129-6133
Duarte,AP,71 2958 7877
da Mata,AP,+55 (061) 6115-3977
Alves,MS,+55 61 7568 9774
Cavalcanti,SP,+55 (051) 3045-7843
Silveira - ME,PE,+55 (031) 4701-6031
Lopes Fernandes Ltda.,PE,31 2058-1796
da Luz,MA,(021) 8251-1497
Gomes Ltda.,BA,+55 84 1761 9126
Dias Novaes - EI,SE,(084) 6282 6332
Fernandes Sales Ltda.,BA,31 3845-9616
Gomes,RS,(051) 5378-6460
Rezende S.A.,AP,+55 84 3155-5115
da Luz,ES,+55 (051) 4772-5137
Nascimento,ES,0500 233 9972
Teixeira,MT,(051) 1780-7266
Fogaça,PI,51 8729 6132
Santos,MG,0500 353 2121
Souza S.A.,MG,(051) 6112-3742
Dias Ltda.,PR,+55 84 2075-8761
Porto,RJ,+55 71 9229-6154
Moura,SP,(061) 7896-8199
Cardoso Ltda.,PI,(011) 1670-6079
Novaes,SP,84 5507 6717
Vieira da Luz - EI,MS,+55 41 5856 5149
Fernandes,PA,0900-524-7922
Gonçalves,AL,0500-186-4287
Azevedo - EI,RR,+55 71 6911 9397
Mendes,PA,+55 71 4910-4889
Lopes Rocha - EI,AM,+55 31 2942-9772
Moreira Lopes Ltda.,MG,0500-168-0379
Freitas - ME,SE,+55 31 8611 8476
Jesus - ME,PA,+55 11 5684 5213
da Conceição,AC,+55 61 3655-7162
Monteiro,RR,(051) 8673 5613
Jesus Pires - EI,RS,+55 (021) 5194-4814
Correia Novaes S/A,AM,(011) 1995 7540
Ferreira,ES,21 4197-5879
Costela Cardoso Ltda.,MT,+55 61 4362 3176
Barros e Filhos,GO,0500 058 9001
Araújo e Filhos,RN,(081) 1660-8865
Freitas,DF,+55 (051) 3193-8040
Novaes,PR,21 2481-3404
da Mota Cavalcanti - EI,PA,+55 84 8961-1922
Duarte - ME,DF,+55 (021) 0626-2079
Duarte - ME,AM,(021) 1518-3922
Porto,SC,+55 11 7361 3173
Pereira,PI,(071) 5008 6799
Peixoto - ME,MS,+55 (051) 8891-1926
Cardoso,PE,+55 31 3099 0244
Caldeira S.A.,GO,(021) 3779 9989
Aragão,RO,0300-100-0452
Vieira,MG,(081) 1217-7164
Rezende Novaes S.A.,PR,+55 51 5809 8635
Moura e Filhos,GO,(011) 2886-5137
da Mata,MA,11 2497 8874
Cardoso,RR,+55 21 7783-2668
da Rosa S/A,PI,+55 (041) 7872-5442
Cardoso,TO,71 5422 4996
Souza,MT,+55 (081) 9880 1251
Cunha da Cruz Ltda.,PE,+55 71 8911 8240
Gonçalves Moreira - ME,PB,(051) 0594-1268
Alves Monteiro e Filhos,MG,+55 51 7620 5317
Freitas Ltda.,RS,(061) 9716 8978
Porto S/A,PR,61 5181-1128
Costela Mendes S.A.,SC,+55 (071) 6746-0878
Lopes Moraes - EI,DF,+55 (021) 8587-2182
Vieira - EI,PA,81 6190-8257
Correia - EI,AP,+55 41 3361-8548
Dias da Mota - ME,RR,(081) 3734-8386
Moura S.A.,SC,0300-301-2026
Caldeira e Filhos,PI,+55 21 7406-7963
Fogaça,MT,+55 11 3469 9387
Moraes Duarte Ltda.,PA,61 1033-8703
Almeida,PA,51 2105 0950
Fernandes,DF,0300 137 2217
Araújo,ES,0900 587 6665
Gomes,SP,0500-626-2942
Freitas,ES,+55 84 0563-4162
Melo e Filhos,AL,(071) 5293-4561
Peixoto Ltda.,PR,+55 84 3942 1691
Oliveira da Mata S.A.,PI,+55 (021) 8775 4556
Martins - ME,PB,+55 (071) 6310 1578
Peixoto,MG,+55 (011) 3066 4035
Cavalcanti Freitas S/A,TO,(011) 4377-6332
da Costa,ES,+55 21 2434 3269
Aragão - ME,MS,+55 41 3650-0088
Freitas S.A.,ES,+55 11 3041 4466
Freitas,PE,+55 (031) 4863-7978
Carvalho,PI,+55 (081) 8030 3596
Pereira,RR,+55 81 5138 8788
Novaes,MG,+55 11 4935 6892
Porto,MS,+55 (041) 1394 7067
Caldeira Mendes e Filhos,SP,51 0002 6293
Gomes,AM,+55 (081) 7107-0525
Caldeira S.A.,RJ,0900-422-2681
Farias Ltda.,CE,+55 61 8029 7636
da Paz Cunha e Filhos,PA,0900 148 5490
da Cruz,MA,(011) 8924 7962
Cardoso,PA,+55 (051) 1658 8442
Souza - ME,RR,61 4039-0151
Ribeiro e Filhos,MG,(061) 4841 7657
Ribeiro,PA,51 0968 3272
Aragão Farias Ltda.,DF,+55 (071) 2156 4197
Rocha,SC,(041) 3197-0790
Mendes,MG,+55 (061) 7284 5942
Fernandes,RJ,0500-984-3894
Monteiro Sales - ME,PE,84 6335-6111
da Mata Oliveira - EI,DF,+55 31 6487 2638
Gomes S/A,SC,(051) 4768-3938
Viana S/A,SE,31 7394 9282
Pinto,SP,+55 (081) 8261 8742
Monteiro,TO,+55 (051) 6397 4750
da Cruz S.A.,MG,+55 (041) 2727 0132
Lima Gonçalves Ltda.,RR,+55 51 2666 4137
Ramos e Filhos,RS,(041) 8864-9664
Nunes,PA,61 8385 7071
da Rosa Porto S.A.,PA,(021) 5355-5294
Farias,MA,(081) 9455 4671
da Costa,DF,(011) 3899 8981
Ramos Araújo S/A,PE,71 4928 1867
Pereira Gomes S/A,AP,+55 81 3731 3674
da Mota Sales e Filhos,RJ,+55 (071) 0263 6017
Lima,MA,(031) 0216-7310
Caldeira Mendes S.A.,RR,0800-836-1359
Carvalho,RN,0500-697-8231
das Neves,MT,(021) 4384 0924
Dias da Paz - ME,AC,(061) 7824-5132
Azevedo Gonçalves - EI,ES,(081) 1108-4198
Cunha,RS,+55 81 7866-5121
Freitas,MA,(071) 7715 9493
da Mata,AL,(031) 9861 9495
Azevedo da Cruz S.A.,MG,11 6653-2063
Cavalcanti e Filhos,RO,51 1548 3486
Pinto,PR,0800 808 4008
Pires,SE,(081) 6103 6203
Martins Santos - ME,RS,+55 (061) 3284-9781
Ferreira,PA,21 6125 7285
Caldeira Correia Ltda.,MG,+55 31 3093 7307
Pereira Carvalho Ltda.,AC,+55 (031) 3904-3088
Cunha Gomes Ltda.,SE,+55 (011) 5025-9523
Costa Ltda.,PB,+55 21 4449 4901
Azevedo da Cruz - EI,TO,+55 21 5774-6728
da Rocha,AM,(021) 2228-4239
Almeida,BA,(071) 1956-9827
Oliveira,SC,61 9612-9524
Lima,DF,+55 (071) 1108-4073
Alves,SP,(081) 7594-2722
das Neves Alves - ME,SC,+55 (011) 9850 2901
da Rosa Cavalcanti - EI,MG,71 0970-9738
Nunes e Filhos,ES,81 8328 9850
Moraes Cardoso S/A,SE,(061) 4437 7301
Novaes - ME,SC,+55 (031) 6633-8156
Melo,RR,+55 (031) 6632-4277
Teixeira,PE,+55 51 9869 6897
Barbosa,RR,(011) 0016 0097
Moura e Filhos,TO,+55 21 7671 7077
Nunes,MT,(041) 8283-9768
Rodrigues S/A,TO,+55 21 8050-8493
Monteiro S/A,AM,(084) 3976 8125
Martins,ES,0500-101-1233
Novaes,MA,+55 (071) 8293-2577
da Cunha,PE,0900 286 9962
Costa S/A,CE,+55 (071) 6535-3385
Aragão Rodrigues e Filhos,AP,+55 (041) 4887 0159
Almeida da Rosa Ltda.,MG,(051) 0002-5985
Costa,SE,+55 61 8708 4949
Costela Castro - ME,AC,+55 21 6741-4559
Souza - EI,RO,0300 843 9405
Silveira,PB,+55 (051) 3253-0668
Farias - EI,AM,84 2131-0397
da Cruz,AP,0900-078-3694
Melo,AP,0500-737-3506
das Neves,RR,(051) 8745-0307
Gomes Gomes Ltda.,RS,51 6161 7728
Moreira,TO,+55 (051) 9299-1468
da Cruz S.A.,SE,41 3038 3853
Caldeira - EI,BA,(051) 0976 0783
Moraes,TO,+55 (051) 6825-2657
Gomes,PB,0500 972 7937
Gonçalves Santos S/A,RS,31 8331 7286
Rodrigues,BA,+55 (081) 2489-1845
Correia,DF,(051) 7206-0732
Dias Ltda.,TO,71 9625 4212
Melo,RR,+55 (021) 0673 0772
Rezende S/A,MT,(084) 0768-4630
Viana,PB,21 7200-9329
Mendes,AM,0900-221-2435
da Cunha,AP,+55 41 7825-6806
Gomes Peixoto - ME,PE,(061) 9007-9828
Castro Azevedo S.A.,PI,(011) 8918 7447
Pereira,GO,+55 11 6550-6390
da Cunha,MG,+55 84 3076-1530
Martins Novaes - ME,RJ,+55 81 7215 3695
Porto Carvalho Ltda.,GO,+55 31 0603-8491
Carvalho Campos - ME,SP,+55 (031) 6094-6297
Farias,PI,+55 (041) 7141 7104
Ribeiro Cardoso Ltda.,MS,+55 61 3178-1437
Correia Ltda.,RO,(084) 4865-3142
Peixoto Pinto Ltda.,RN,+55 21 5734 9637
Monteiro,MG,+55 (051) 0139 1971
Vieira Silveira S.A.,RN,41 4490-7099
Araújo,RN,0300-793-1229
Nunes Caldeira - ME,MA,84 3585 1722
Pires S/A,DF,31 1034 6874
Teixeira,SE,81 9935-1843
Santos da Mata e Filhos,PA,+55 (061) 4144-2346
Azevedo,MS,+55 (031) 3563 6795
Pereira da Mata - EI,AC,51 9152 3691
Rezende Porto S/A,DF,(084) 6601 2076
da Cunha - ME,RR,(051) 7945-3366
Farias,SE,+55 (071) 7255 4882
Fernandes,ES,+55 11 5813 7826
Duarte,SC,+55 51 4181 5908
Souza S.A.,AP,+55 (051) 4029 3794
Mendes - ME,BA,+55 11 7313-7229
Nogueira,SE,61 3478 3800
Barros,RO,51 5735 5900
Barros Silva Ltda.,SC,(071) 2329-3496
da Conceição,RJ,84 9314-7674
da Luz Almeida - EI,RR,41 7256-9929
Correia,CE,(031) 1527 3559
Pinto S/A,RN,0800 304 8126
Nogueira Duarte Ltda.,AL,84 4981-0989
Ferreira Pereira e Filhos,AL,41 5613-7702
Santos Silveira e Filhos,SE,+55 (021) 1424-8477
Martins,PI,+55 (031) 0066-3419
Moraes Pinto Ltda.,RS,+55 84 3573-1354
Silva S/A,RS,(011) 9839-0043
Sales e Filhos,RJ,(061) 8932 4455
Carvalho,PR,81 4627 0867
Novaes Castro Ltda.,PI,+55 (041) 3207 2766
Oliveira,RN,21 3450 0827
Santos S/A,AP,+55 31 0493-6193
da Conceição,RO,+55 (071) 7837-9847
Ferreira Ltda.,PA,(031) 6860-8429
Barros Martins S.A.,PB,(021) 1470 9695
Barros - ME,BA,(051) 4096 8129
Castro,RJ,51 6060 0101
Cardoso S/A,MG,+55 21 7662-1329
Cavalcanti Ltda.,SC,+55 41 5963-3103
da Mata,PA,(021) 8238 5957
Teixeira,RR,+55 21 4607-0636
Moreira Carvalho S.A.,RR,81 3465-9466
Pereira,RN,+55 (061) 9257-0826
da Cunha S/A,AM,+55 41 8149 6511
Ferreira - EI,MG,0300 236 5426
Moura Gonçalves - ME,SP,+55 (061) 1230 8995
Caldeira,SP,51 8830 4426
Nogueira - EI,RR,0300 141 0093
Cavalcanti Ferreira - ME,DF,(041) 0470-6737
da Conceição,AM,+55 (031) 5614 7048
Sales,PR,+55 (011) 0208-5157
Cardoso,DF,+55 84 7292-6191
Novaes Oliveira S/A,TO,+55 (021) 4880-8114
Ribeiro,RS,0300-587-5092
Silveira da Cruz Ltda.,CE,(031) 7561 2783
Silva,PR,+55 71 2386 9034
das Neves e Filhos,SP,21 7334-4360
Silva,SP,+55 (051) 6315-8792
da Rosa Porto Ltda.,BA,+55 (071) 0698 5818
Rezende,PB,+55 84 2375 8939
Lima Ltda.,AP,+55 (041) 1230 5006
Ferreira,PI,0300 200 8197
Peixoto,BA,(011) 7592 1342
Fernandes,RO,+55 84 2429-3462
Araújo,TO,(084) 0865-6479
Cunha,MT,81 1996-3354
Nogueira Ltda.,BA,+55 (021) 2735 1762
Martins Viana Ltda.,RS,+55 31 3744 6638
Costela,MA,(071) 0422 7376
Cavalcanti Cardoso - EI,MG,84 6506 2814
Costela,ES,(071) 1789-5725
das Neves Barbosa e Filhos,RN,+55 81 4565-0174
Oliveira Azevedo S.A.,SC,41 9465 7649
Souza S.A.,CE,(011) 2560-8214
Viana e Filhos,SE,+55 (071) 6675 5688
Ramos Rodrigues S.A.,PB,84 8488 8518
da Costa Rocha e Filhos,AP,+55 51 3998 5810
Peixoto e Filhos,PB,31 8422 1619
Gomes,PE,+55 (021) 9526 0330
Sales,AL,+55 (084) 5214-6607
Correia,AL,+55 (081) 9679-2450
Costela Ltda.,GO,+55 (041) 9478-1689
Fogaça da Mota e Filhos,AC,+55 84 9058 3797
Nascimento,RR,+55 (084) 8365 6487
Silveira - ME,AP,+55 (031) 4616 1839
Sales - ME,PI,21 9250 5806
da Rocha S/A,RJ,61 2986-9980
Moraes,AP,+55 51 1785 2549
Gonçalves S.A.,PA,+55 (061) 9968 5133
Campos,BA,0500 015 4519
Farias,AP,+55 11 5907 6905
Nogueira,SE,+55 (081) 9233 0519
da Mota - ME,AM,+55 51 2699 8769
Gonçalves,PA,+55 (031) 7488-0075
Souza,PA,51 7089 8050
da Rosa,SC,(031) 7030-2499
Duarte,SP,+55 (031) 5711 8939
Peixoto,RO,(061) 5793 9523
Fernandes - EI,MA,+55 31 3675-1273
Almeida e Filhos,AM,0500-461-1032
da Rocha Ltda.,MT,(061) 7583 3984
Moura,MA,+55 51 9046 1498
Sales,MT,+55 (041) 9758 8887
Mendes,MA,+55 (071) 2929 0941
Azevedo da Mota e Filhos,AL,0900-804-8843
Rocha,MT,+55 (021) 5760-1707
Aragão Silveira Ltda.,TO,+55 84 4272 7749
Cunha Porto Ltda.,DF,+55 41 0672 2939
Rezende Souza S.A.,RJ,(021) 3513-2570
Freitas Moraes S/A,MG,71 0877 3394
Pires,AL,+55 11 8241-0303
da Rocha - ME,MS,+55 51 7844 3995
das Neves,GO,+55 41 8474 0135
Lima,MG,+55 (084) 2926 5748
da Rocha Gonçalves S/A,PE,+55 41 6558-0883
Dias Moreira S.A.,TO,(061) 4906 7213
Nascimento e Filhos,AM,(031) 9858 8259
Rocha e Filhos,DF,+55 51 0894 0579
Santos Jesus e Filhos,RO,+55 11 7264 4291
Ferreira,AM,84 4036-5497
Ribeiro,MS,0800 050 4731
Oliveira,PI,(084) 0223-5437
Gomes,GO,+55 21 7975-1004
Fogaça Vieira S/A,TO,(041) 4518-2964
Aragão Monteiro S/A,SE,81 8416-7187
Souza,PI,(041) 5047 9393
Novaes,GO,(084) 8341-6656
Jesus Nunes S.A.,MT,+55 71 7260-3485
Barbosa,RO,+55 (071) 9551-4721
Azevedo - EI,SC,(084) 8463-0113
Cardoso e Filhos,RS,(051) 4768-8892
Silveira Ltda.,PA,+55 (061) 4168 5730
Mendes Mendes S.A.,MT,+55 84 2010-9053
Cavalcanti,AP,+55 (011) 9703 6173
Moraes,RS,+55 (051) 7957 5312
Viana S.A.,SC,(021) 5167 2663
Moraes,RS,11 7718 5131
Nogueira Novaes S/A,AP,41 5509 7398
Oliveira da Cruz - ME,SE,+55 11 7888-5271
Sales Lima e Filhos,MT,+55 (084) 0507-0223
Moreira,RN,81 7392 6913
Melo,RN,+55 41 5318 6919
Nascimento - ME,MG,84 3594-4613
Nunes Correia e Filhos,RR,+55 (031) 8681 4500
Viana S.A.,DF,21 9792-1968
Lima da Rosa Ltda.,RO,+55 84 1658 5024
Carvalho Ltda.,RN,0300 623 1675
Martins Silva Ltda.,SE,41 8574 6218
Costa,PR,+55 (041) 0176 4330
Moura Lopes S.A.,RJ,31 1384 9149
Campos,SE,31 9443 4939
Nogueira,RN,+55 41 5198-0450
Caldeira Farias - ME,SC,(041) 3082-0876
Cardoso Monteiro S/A,PR,+55 (071) 1569-4852
Souza,PB,+55 (084) 6294-1074
Fernandes e Filhos,MT,+55 21 6042 1617
Campos,RR,(011) 1276 4302
Caldeira,PR,+55 (081) 8793-5574
da Rosa,BA,(011) 0796-8681
Castro - ME,PB,+55 71 3804 9544
Cavalcanti,RO,+55 51 5879 2505
Santos Melo Ltda.,RO,+55 21 6250-0916
Aragão,MT,+55 (021) 8812 5583
Nunes,AP,21 9941 7116
Nascimento,BA,+55 (061) 1362 3464
Caldeira,RO,31 8208-8459
Lima Gomes S.A.,AP,(081) 2496-5306
Barbosa Moura S/A,MT,+55 (011) 2801-5037
da Conceição,PA,(011) 6397-3800
Azevedo,PB,81 6649-6455
Monteiro,AM,+55 (071) 8647 3954
Lima Pereira S.A.,AL,+55 61 0404 1563
Almeida,PE,31 1327 2816
da Mota - ME,MG,+55 31 0953 5362
Pinto da Cruz - EI,MT,(084) 6819-9693
Barros - ME,DF,41 8444 8952
Araújo Cunha - ME,RO,(051) 3243-6167
Ribeiro,TO,+55 (051) 2326 0320
Lima Caldeira e Filhos,PR,(084) 0086 1700
Ribeiro Pires S.A.,AM,(031) 6278 2477
Silveira,PB,(084) 7987 1840
Vieira,MT,+55 (071) 7901-2640
Oliveira - EI,CE,81 1405 5607
Monteiro Ferreira - ME,AL,+55 84 6834-3674
Azevedo - ME,MT,+55 (084) 0646 6703
Silva,MT,+55 (061) 4043-0420
Moraes,DF,+55 (061) 5070 7266
Fernandes,PR,0800-560-5229
Cardoso Ltda.,PE,(021) 9754 4621
Costa,MT,+55 11 6999 2681
Pereira,PR,(061) 2214-6051
Gomes,AC,+55 51 7493 1912
da Paz Ramos S.A.,RS,84 9536 2300
Ramos,ES,11 9467 0258
Barros,SE,+55 81 8643-6026
Sales e Filhos,PA,+55 51 5559 0331
da Luz,MS,61 2120 6765
Peixoto,AP,+55 (041) 0259 2687
Caldeira Moreira - EI,AC,(061) 8461 2201
Freitas,MS,21 5498 0207
Lima,CE,61 1309-9980
Araújo e Filhos,SP,(084) 3829 0120
Ferreira - EI,AL,84 6195 3448
Ribeiro - EI,RJ,(011) 4478 9446
Nogueira,SE,+55 61 2334-9799
Azevedo,SE,0800 146 4218
Caldeira,PI,+55 (061) 3401-5525
Lima S/A,MA,+55 (061) 2672-3618
Mendes,PE,(071) 9616 4471
Cardoso,MA,81 7500-7365
Silva Ltda.,RJ,+55 (011) 9582 8108
Correia,DF,51 4996 9091
Araújo - ME,MS,84 2349-0009
Pereira,PI,81 8423-0028
Alves,RJ,51 9649 7760
Campos,SC,+55 (031) 4125 2070
Peixoto Cunha e Filhos,MA,(041) 1232 5843
Nunes,PB,+55 (011) 5406-0174
Santos - ME,MA,+55 71 3114 6537
Almeida,AC,+55 (084) 8523-9424
Aragão,RO,+55 (071) 0888-7244
Azevedo - EI,AM,41 5108 2715
Azevedo,SC,0300 386 7976
Fernandes,MT,(031) 3527-5403
Teixeira,RN,+55 (061) 2594 7694
Rodrigues da Mota - EI,AP,+55 (061) 4105 4394
Porto da Rocha - EI,BA,0800 149 9761
Moura,RR,21 5564-8373
Fogaça - EI,AP,(021) 6455 5371
da Paz da Luz S.A.,ES,(071) 8859-0298
Fogaça S/A,PB,+55 (061) 2611 5620
Melo,PA,(021) 5935-9836
da Paz,MT,+55 11 7523-2589
Cardoso Carvalho e Filhos,AL,+55 81 7191 4108
Mendes,AL,0800 365 0952
Cardoso da Cruz Ltda.,MG,+55 21 3048 4422
Nunes - ME,TO,+55 11 7515-0049
Fogaça,PB,+55 (071) 2851-8788
Oliveira,PA,(061) 8462 1177
Porto Rodrigues - ME,MA,0800-045-5093
Souza Lopes - EI,RJ,51 2303 9727
das Neves - ME,PI,51 8128 4654
da Paz Pinto Ltda.,AP,+55 (021) 2680 7090
Cavalcanti,AP,51 1385 0536
Correia,ES,0800 666 5290
Rodrigues,AL,0800-925-1748
Nogueira Ltda.,RJ,0300 726 2721
Mendes,PR,0900-612-5122
Campos S.A.,DF,+55 (071) 0714 5330
Fogaça,MA,84 7819 3275
Caldeira,RJ,0800-726-4695
da Mota - EI,AL,(081) 4398-7598
Moraes - EI,PR,31 7090-1377
das Neves Araújo e Filhos,BA,(031) 2517 7682
Lima Martins S.A.,CE,+55 41 0934-9146
Costa,AP,21 5107-1969
Gonçalves,MT,0300 996 1886
da Rocha,SC,(051) 1126-6483
Moura,ES,(081) 4028 0687
Souza,AP,+55 (041) 2242-5617
Jesus,PB,81 1127-4387
Lima Cardoso - EI,PR,0800 203 8104
da Rocha,AP,+55 (051) 0881-6051
Caldeira,MS,(021) 1218 9080
da Luz S.A.,SE,+55 41 4805-5123
Almeida,AP,(071) 3897-1656
Costela,RR,+55 81 1230-7021
Rocha,PI,0800-011-7766
da Mota Barbosa Ltda.,ES,+55 81 1895 4299
Dias Viana Ltda.,DF,(051) 7966 2440
Monteiro Ltda.,RN,(081) 0689-8919
Aragão,MA,+55 84 2864-5251
da Rocha Ltda.,DF,0800-187-9928
Caldeira da Rocha e Filhos,MG,81 4946-7193
Farias,RO,(071) 0752-8632
Barros,MS,(041) 4026 3098
da Mota,SC,+55 81 9280 1931
da Mata,RJ,(051) 2099 1477
Porto S.A.,PE,+55 51 4155 2119
Mendes Freitas - ME,BA,51 5718 1627
Barros,RS,+55 61 8238-8509
Jesus,MA,21 0108-5622
Barros Barros - ME,RO,(051) 4682-9787
Duarte,SC,0800 131 7966
Rodrigues,CE,0800 701 2650
Silveira,SC,(031) 1517-0297
Barros,MA,(071) 2636 4343
Duarte,SP,+55 (011) 2277-0591
da Conceição S.A.,RO,31 0979-5675
Melo Barbosa S/A,ES,+55 (081) 5759 3357
Rocha Cavalcanti e Filhos,AC,+55 (051) 6472-2922
Rezende,BA,+55 11 3167 9878
Viana,AP,+55 81 6365-0021
da Rosa,PE,+55 61 6431 7297
Costa S.A.,PE,(084) 9404-6038
Moura,RJ,21 6295-0644
Moura,DF,0300 268 0980
Pires,PE,+55 71 5666 5405
Novaes,MG,+55 51 7837 8167
Pinto,DF,51 5827 7228
Duarte,SC,+55 (061) 0569-0346
Fernandes,PE,+55 31 1051 0751
Azevedo,PB,+55 31 4814 7610
Fernandes Campos - ME,ES,(041) 9284 4436
Costela Novaes Ltda.,GO,41 5458 6344
Nascimento,SC,51 4796 3182
Nascimento,GO,+55 11 1173 3832
Nogueira Novaes S/A,CE,+55 61 6154 5353
Ferreira,PE,61 5030-6645
Novaes S.A.,GO,+55 (041) 1546 2266
da Mata Cardoso - ME,ES,+55 71 1477-6011
Ramos da Mata Ltda.,BA,+55 (021) 9959-6092
Fernandes,PA,+55 (071) 7693 5015
da Mota da Costa - ME,GO,11 8169 5284
Cardoso,PI,+55 71 8184 2276
da Rosa S.A.,TO,+55 (041) 2973 8847
Aragão Ltda.,GO,+55 71 9667 0337
Farias,PI,(021) 9551-9340
da Cruz Castro S/A,SC,0500-448-6851
Santos S.A.,GO,41 2703 3554
Freitas,RS,+55 (011) 1354 2439
da Mota,MT,51 4840 1143
da Rosa Ltda.,BA,(041) 6967 9225
Aragão,MG,31 8256 9248
Martins,RN,+55 (084) 1292 6148
Aragão,MG,+55 51 4993 8933
da Mata,MG,+55 (081) 4433 8740
Oliveira,PB,+55 21 5235 5703
Moreira,TO,(071) 7201 9066
Nunes,SP,(031) 1119 5037
Viana,AC,(021) 8683-4866
Ribeiro,SE,+55 (021) 4592-9946
Campos Gomes S.A.,SE,61 4231 7423
Monteiro - EI,TO,21 4772-0769
da Rosa,AP,71 1063 1209
Lopes,AP,+55 (021) 1571-6055
Cardoso,TO,0900-091-3758
Carvalho Sales S.A.,PB,+55 (081) 0063-3678
da Paz Novaes - ME,SP,+55 84 3789-7373
da Paz,PA,0300 040 2925
Martins,MA,(084) 4853-7790
Viana - EI,MT,+55 (071) 7532 4778
Lopes,SE,(011) 4937-4253
Jesus,MT,(071) 5840-9307
Farias,AP,+55 11 0245-2430
Dias,MS,0900-503-0077
Gomes e Filhos,PI,31 3261-8322
Souza,RN,(071) 2892-6705
Souza Rezende e Filhos,AP,+55 11 8085 6851
Barbosa,MG,81 5367-1585
Nunes,RJ,41 4848-7173
Cavalcanti,PI,(084) 1527-9649
Azevedo Ferreira S/A,PA,+55 (021) 2020 2035
Nogueira S/A,AM,21 8436-9680
Campos,BA,+55 (081) 0324-4165
Rezende,PI,+55 (051) 7126 1724
Melo da Cunha - EI,RO,(051) 5371 9695
da Costa Castro - EI,AL,+55 (021) 9985 4655
da Conceição Rodrigues Ltda.,SC,0800-302-3811
Peixoto da Cruz S.A.,SE,(021) 6437-3534
da Cruz e Filhos,AL,+55 21 9075-5940
da Rosa Farias Ltda.,AL,0500-155-7685
Novaes Pereira - EI,AC,+55 (084) 0457-8480
Novaes e Filhos,GO,84 9258-9363
Vieira Pires - ME,AP,81 7357-6664
Pinto,CE,+55 (061) 1978 4395
Nunes,AP,(011) 1950-9646
Caldeira,AP,0800-649-1748
Costa e Filhos,CE,(011) 3709 4697
Mendes S.A.,AL,(071) 2477-3790
Silva,BA,41 3752-8951
Cardoso,RR,31 5809 1262
Cunha Ltda.,PR,(071) 5486 2678
Moreira,RN,+55 11 8346-0796
Araújo,PE,31 2822 0979
Cavalcanti,SC,+55 (071) 0023-8331
Cardoso,RJ,+55 71 9571-8537
Ferreira,RS,(041) 1888 6555
Ramos - ME,PI,31 3888-9856
Costa,CE,+55 (051) 6629-1572
Gonçalves,PB,31 0630-9089
Silva,MA,+55 (084) 5144 7652
da Rosa,SE,11 0499-8674
Castro,AM,84 5481-9450
Novaes,RN,+55 (084) 7285-5212
Souza,GO,51 6261 6480
Melo Nascimento S/A,BA,(081) 5111 0599
Porto S.A.,ES,+55 71 8530-8583
da Luz Duarte S/A,PB,+55 84 1223-5497
Cardoso,AM,+55 (031) 5047 8009
Costela,BA,+55 (071) 2027 7133
da Mata - EI,MG,+55 (081) 0588 6124
Martins,PI,+55 (084) 3588 6278
Almeida Cunha S/A,CE,0800 810 9312
Pereira,RO,+55 81 0409-6318
Cunha Ltda.,SC,+55 (071) 1905 8557
da Rosa e Filhos,AM,+55 81 2122-8330
Castro,ES,51 4273 8448
da Rosa Vieira e Filhos,MA,+55 (021) 5704 1918
Costa Lopes e Filhos,CE,+55 61 9929-3556
Oliveira Ltda.,TO,0900-674-7827
Cunha,AP,0300 543 0856
Correia,SC,(011) 1754-4839
Costa,PB,31 6140 5512
Cavalcanti S.A.,DF,(061) 4457-4214
Azevedo e Filhos,GO,21 9656 8661
da Rosa Dias e Filhos,PA,+55 61 0687 7623
da Conceição Pires - ME,TO,84 6976 8004
da Cunha,SP,+55 11 3494-1308
Martins - ME,SP,71 2771 9387
Pereira,PE,0300-543-7657
Pires,AP,(061) 8950 2352
Viana,TO,+55 31 1128 3415
Pires,CE,+55 (061) 8368-4367
Freitas,AL,21 0999 2012
Moura S/A,SE,+55 81 4212-5391
Sales,RN,+55 (081) 1613 5097
Nascimento,BA,+55 (051) 5187-5744
Moreira S/A,GO,+55 (021) 0620 1974
Cardoso S/A,AC,+55 61 1662-9324
Nunes,SE,(021) 1556 4426
Cavalcanti Ltda.,RN,31 2684-8696
Silveira Azevedo - ME,AL,(051) 6177-0953
Teixeira - ME,AP,(011) 4534-6680
Farias - ME,ES,11 7787 7802
da Mata,RN,(084) 9616 0065
Cardoso,RJ,+55 (071) 0734-1060
Pires,MG,+55 (031) 9496 1148
Lima,RS,11 9450-8641
Cunha da Costa S/A,MS,51 2315 3550
Mendes - EI,ES,+55 21 7817 9778
da Costa,AC,+55 51 4968 5842
da Conceição - EI,AL,+55 (011) 4515-0632
Carvalho,TO,11 1217-7257
da Cunha,GO,+55 (021) 5188 8868
Moraes Alves Ltda.,MT,81 9177-2675
Fernandes - EI,RO,+55 (081) 6924 3364
Jesus,MG,(041) 8910 8105
Cardoso da Mota - ME,PR,+55 (081) 5627 7895
Correia Peixoto - ME,MT,11 2470 3172
Rocha,BA,+55 (071) 7345 4512
Aragão Farias e Filhos,PI,41 7473-1828
Teixeira,BA,(061) 3580-4208
Novaes Azevedo - EI,PI,+55 (011) 0508-0936
da Rosa - EI,RO,+55 84 4738-7864
Pinto - ME,PR,+55 (071) 7413-7626
Costa Duarte e Filhos,DF,(081) 3394-6681
Ferreira,MT,31 1294 0397
Moraes,MS,31 9834 1583
Nogueira S/A,MS,81 9361 3472
Aragão,SE,+55 (041) 7002-5662
Costa,AC,(031) 4910 0385
da Costa - EI,MA,21 3409-5267
Rocha,MG,0800-699-4002
Aragão - ME,GO,0900-216-6979
Ramos,PB,+55 (071) 9126-2189
Rezende S.A.,PB,(021) 6948-9898
Araújo,PE,81 4980-2527
Mendes,RR,51 3415 2367
Silva e Filhos,AC,81 0465-8931
da Mota,PR,(051) 3759 4349
Peixoto Ramos e Filhos,RO,+55 (084) 3155-5263
Costela e Filhos,AM,(021) 2065 2513
Rodrigues da Costa S.A.,PA,+55 21 9551-7362
Azevedo,PB,11 2134-7975
Santos,PA,(081) 5224 0360
Ribeiro,AP,+55 (071) 9121 3155
Porto Ltda.,RR,+55 41 4530-1695
da Conceição,AL,0300 985 2417
Rezende,PI,+55 84 5420-0187
Melo Castro S/A,MT,+55 61 2573-9921
Costela,AC,+55 21 2564 2357
Rezende,MA,+55 (011) 2893 1779
Cavalcanti,SE,+55 21 2396 9368
Castro,RS,+55 (061) 1826 1408
Teixeira - EI,AM,(084) 2929-1429
Martins - ME,SE,+55 (071) 1183 5306
Vieira - ME,MS,+55 (031) 7236-3616
Pires - ME,RJ,41 6243-5637
Carvalho e Filhos,AL,+55 (051) 5392-3641
Teixeira - EI,MT,(071) 8116 9622
Novaes - ME,PI,(061) 4289-0026
Martins,AL,+55 51 1544 8703
Farias Ltda.,RS,(041) 5823 8848
Costa S.A.,AL,21 3351-8171
Castro da Cruz - EI,PB,(021) 9841-1049
Cunha,AM,0500-237-5160
Carvalho Cardoso e Filhos,MS,71 7878 6729
Silveira Araújo S.A.,ES,61 6281 6052
Campos Fernandes - ME,BA,(011) 4774 9676
Fernandes - EI,CE,0300-849-5429
Ferreira S/A,PA,+55 (041) 7430 5039
Fogaça,AC,+55 (081) 9594-6305
Souza,RS,84 6503 1836
da Cruz,AP,+55 (071) 5236 6540
Teixeira,SE,(031) 4606-2072
Souza,DF,(031) 3627 9318
da Cruz,MA,+55 51 1038 8892
Lima,AL,(011) 0414 5911
Almeida Sales S.A.,RN,(084) 2143 7596
Castro,MS,(081) 6529 4895
Vieira,RJ,0300-580-5035
da Costa da Rocha S.A.,GO,61 5360 5694
Silveira e Filhos,SC,(051) 9760-2365
Dias Teixeira e Filhos,PA,(021) 5778-8915
da Rocha,RR,+55 51 9034 0876
Santos,GO,+55 (084) 5249-5242
Fernandes Carvalho - ME,PA,51 7386 5266
Alves,ES,0300-734-4084
Rodrigues,RS,+55 84 9100 4848
Oliveira,RO,41 3235-3874
da Rosa Almeida - EI,SE,+55 (081) 5255-6388
Melo S.A.,AM,0300-696-8637
Pinto Vieira - EI,DF,+55 (011) 4875-7193
Dias,BA,0300 949 1994
Carvalho,PR,+55 61 3243-9811
Cardoso S.A.,BA,+55 (084) 9435-9861
Vieira Caldeira - EI,GO,+55 81 9864-1583
Nunes,RO,(081) 1679-5816
da Mata Nogueira Ltda.,PR,+55 (021) 0983-9799
Silveira,RN,+55 (081) 3514-9103
da Luz Ribeiro S/A,DF,+55 (051) 5078-9462
Melo,DF,(071) 2175 9904
da Conceição,AC,(084) 4062 6803
Moura,PE,+55 (021) 5307 5937
Cardoso,ES,+55 (071) 2655-0402
Vieira,GO,(011) 9972 0382
da Mata S/A,AP,+55 81 5692-0865
Fogaça,AP,0900-484-9691
Gonçalves Alves - ME,RO,+55 (031) 2515 1205
Ribeiro,SC,0300-098-9214
Rezende,RN,(081) 5739 4361
da Rosa da Cruz Ltda.,RO,+55 (084) 6199-4327
Ribeiro Souza S/A,RO,21 7635-4647
Viana e Filhos,AP,81 8582-7984
Moreira e Filhos,ES,71 0073 6499
Lima Souza - ME,RJ,(061) 2563-9765
Alves Pinto S/A,MT,41 6330 6024
Campos Nascimento e Filhos,RJ,71 3494 4523
Melo,MG,+55 31 4988 9367
da Paz,RN,(021) 6411 2796
da Luz,RO,(011) 5970 3514
Aragão Almeida - EI,ES,(021) 5708-4372
da Mata,AM,51 0660 2603
Silveira,RR,+55 11 0354 9605
Lopes Lima Ltda.,MT,(061) 8587-8233
da Mota,RR,+55 71 6892-5652
Santos - EI,RJ,+55 (084) 6904-4142
Oliveira S/A,MA,+55 84 9122-5243
Almeida - EI,AM,81 9381-7752
Santos,GO,+55 71 4078 4485
Costa,AC,0800 740 3049
Almeida Silva S.A.,AC,41 9878 7982
Sales,RS,0800-000-6627
Peixoto Dias Ltda.,SE,+55 84 1491 0833
Duarte S.A.,AP,(081) 9213 0627
Teixeira,AM,+55 41 7343-1084
Monteiro - ME,RS,0500-646-2911
Costa,RR,(011) 2045 5405
Freitas - ME,CE,(081) 2199 2568
Costela,AC,+55 71 1719-7500
Nogueira,SP,(084) 9967-2216
da Mota Ltda.,ES,(084) 9762-6064
da Costa,RJ,(021) 6439 2514
Aragão e Filhos,PE,(081) 1523 0110
Rocha Barbosa e Filhos,RN,0900-347-3050
Nascimento,RO,+55 (051) 2856-4095
Nascimento,AL,(021) 1593-0084
Sales,RN,(081) 3657 2331
da Costa,DF,31 0957-7035
da Cruz,RN,51 7687 8984
Gomes Novaes - EI,PE,+55 (011) 3264 1330
Correia,AC,(011) 8296 9196
Cardoso,PI,81 5270-4888
Lopes Silveira Ltda.,PE,51 4735 5627
da Conceição S.A.,MA,+55 (084) 1791 7953
Gomes S/A,SE,11 0909-5639
Duarte,RS,+55 (041) 2413-4350
Oliveira,RS,+55 84 0433-8372
Cavalcanti,BA,+55 (084) 1321-8353
Martins,MA,11 0955 0685
da Cunha,PE,51 2009 3796
Costela - EI,PE,+55 (061) 5155 5738
da Cruz,PA,21 1249 8903
Fogaça Martins - ME,RR,(021) 5214 0878
Rodrigues,PA,+55 (031) 5849-3571
Almeida Caldeira Ltda.,BA,81 4165 0384
Moura Rodrigues e Filhos,MA,+55 61 4195 5600
Silveira,PA,+55 71 8400 7066
Freitas S/A,MT,81 0851 8015
Fernandes,GO,0900-532-7333
Monteiro Souza - ME,TO,0500 844 2581
Vieira Alves e Filhos,AL,(084) 5870 9772
Correia,RS,(071) 8276 1382
Rodrigues da Costa - EI,PA,61 9584 5417
Rezende,RO,+55 (061) 9648-2891
Novaes,MS,+55 31 3805 4679
Cardoso Costa e Filhos,RS,(071) 5925-3209
Gonçalves,PE,31 2413-8575
Lima,PR,0500-221-1069
Nascimento Caldeira - EI,RO,+55 (041) 1547-7171
Campos - EI,AC,+55 (041) 7880-8512
Viana,PB,+55 (084) 5746-1163
Pinto,MG,+55 (041) 3094-2718
Campos Monteiro Ltda.,RN,+55 61 8163 9184
Nunes e Filhos,RN,+55 (081) 3099 1252
Silva,TO,0800 493 6940
da Conceição,ES,(084) 4096-5479
Santos Barbosa Ltda.,MG,0500 014 5132
Ferreira,AM,+55 81 1479 6272
Correia S.A.,RJ,+55 (011) 3480 0912
Costa S.A.,TO,(071) 9066-0781
Caldeira - EI,SE,0800 531 0240
Peixoto,MA,+55 71 8146-5525
Azevedo Aragão S.A.,RO,(041) 8178-4838
Cavalcanti,SE,+55 51 2640 4842
Costela Dias - ME,PB,+55 (061) 7190 9842
Cunha Fogaça e Filhos,CE,31 7012-0684
Barbosa - EI,PI,+55 (061) 8323-7795
da Cunha - ME,PE,41 8237 7525
Alves,MA,+55 (084) 4352-0254
Castro,MS,+55 51 6599 7327
da Rosa,RR,+55 61 6811 5224
Dias,PB,(084) 3729-9727
Melo,PA,41 8179 3294
Pereira,RO,+55 71 4065-6777
Caldeira Rezende - ME,DF,+55 (031) 7325-9347
Pereira - EI,MT,(041) 6468 3429
Pereira da Rosa e Filhos,PI,0300-338-8518
Monteiro,PI,+55 81 1910-5466
Ramos,CE,(031) 5660-6572
Dias da Mata S.A.,RO,71 6152 8234
Porto Ramos - EI,SP,(071) 6893 0699
Silveira,BA,+55 (031) 5541 2700
Araújo S/A,RN,41 3992-7223
Souza Ltda.,RR,(051) 6769-6971
da Rosa e Filhos,AP,0300-671-0951
Pinto,AC,+55 11 6641-7709
Nogueira,RJ,0900-806-5066
Cardoso Cardoso Ltda.,PI,+55 71 1122 5754
Fogaça,AM,+55 (084) 6341 3570
Ferreira,MT,+55 (071) 0474-7098
Gomes,AL,+55 84 4702-5356
Cardoso,CE,+55 (041) 2210-5975
Jesus,SE,(081) 9337-0883
Teixeira,RS,(051) 7020-7007
da Cunha da Luz S/A,SE,(061) 1581 9086
da Rosa,MA,+55 21 8164-8011
Castro,PB,0900-093-1213
Vieira - ME,PR,81 3051 5583
Viana Ltda.,DF,+55 (061) 9602 1198
Cunha Dias - ME,RO,+55 11 6817 5553
Cardoso Almeida - EI,SC,(061) 2570-6707
Jesus e Filhos,PA,+55 (051) 1033-2925
Oliveira,RO,+55 81 3811-8003
Alves,MT,+55 (081) 9774 7017
Silva S.A.,RN,71 8778-4361
Moraes,PA,41 9180 7514
Nascimento Lima S.A.,DF,+55 (081) 4846-2137
Cunha,PE,+55 31 9431-5134
da Luz,TO,21 9133-5530
Moraes Moreira S.A.,AL,84 6941 1426
Carvalho,PA,+55 (021) 5436 9066
Porto da Conceição - ME,CE,+55 81 1380 9618
Silva e Filhos,SP,+55 21 3814 2967
Aragão,PE,+55 (031) 6029-7757
Rezende,RR,+55 (011) 7921 2699
Aragão e Filhos,PE,+55 31 9251-2683
Vieira da Luz - EI,PI,81 1327 8853
Costela,TO,84 7805 6090
Duarte S.A.,AP,+55 (061) 1497-9415
Freitas,MA,51 4996 6338
Pereira S/A,RJ,41 0612-9078
Ribeiro,ES,(021) 4827 8601
Porto,PB,31 0794-4052
Gomes e Filhos,PB,51 2541 7392
Souza,AP,61 1775 9846
Porto,PI,(061) 4007 7258
Azevedo e Filhos,PI,41 9639-9643
Rodrigues,PB,(061) 9714 5094
Azevedo Caldeira e Filhos,GO,(071) 9001 1380
Peixoto,AP,84 2658-6510
Cardoso,ES,+55 51 1530 3757
Almeida,RO,+55 (071) 4818 4902
Nunes - EI,RS,11 8706 7789
da Cruz,AM,+55 71 8218-4413
Correia - ME,SE,41 1666 0948
da Mata Mendes - ME,RJ,(051) 9293 7966
Ferreira Nogueira - EI,DF,(084) 2289-8750
Silveira S.A.,RR,11 7813 8715
Rezende - ME,RJ,+55 51 0226 8815
Barros da Paz Ltda.,AP,+55 31 9608-8787
Peixoto - EI,RS,+55 51 5575 5431
Vieira,RO,+55 84 7106 9176
Fernandes,CE,(021) 1973 1940
Freitas,PI,+55 84 0273 8039
Viana - ME,ES,84 4367 1693
Fernandes Farias S/A,RJ,+55 (021) 3252 0094
da Mota Carvalho e Filhos,RR,(051) 1198-7307
Cardoso da Cunha - ME,PB,(081) 3547 4922
Nogueira Silveira S.A.,SE,0500 720 0130
da Cunha e Filhos,MG,+55 41 6367 1069
Alves,ES,(021) 1483-4041
Rezende,SE,51 5294 3085
Ferreira,GO,(081) 8091-4735
Gonçalves S.A.,RO,+55 (011) 8819 2604
Pereira S/A,AP,+55 (084) 2170-9699
Viana,GO,51 2551 6648
Souza Ltda.,RJ,+55 (021) 6083 1894
Gonçalves,AC,+55 (081) 2376 6401
Sales,RJ,+55 (051) 3167 7421
da Rosa Nascimento - ME,TO,81 3817 4828
Silveira,RR,+55 (084) 4931-9462
Fernandes,RJ,(081) 8596 8282
Carvalho,DF,31 2055 9056
Ribeiro,PR,84 9257-4731
Lopes,RS,+55 (021) 4210-2799
Azevedo,CE,(051) 0039 9949
Barbosa Fogaça Ltda.,PR,+55 (061) 0277 5032
Ramos S.A.,RR,(084) 3418 5598
da Paz Souza S/A,AM,+55 11 4152 6433
da Cunha - EI,MG,+55 (051) 8707-5019
Melo Lopes - ME,MA,0300-510-0722
Duarte,AM,(011) 2996-9885
Almeida,AP,(081) 9304 9166
Cardoso S/A,PB,(051) 8689-2049
da Cunha,SE,(031) 4303 7724
da Mota - EI,RS,+55 (031) 3650 2130
Gonçalves,PR,+55 84 1021 8965
Correia,SE,+55 (061) 3548 8469
Costa Correia Ltda.,PR,+55 (041) 2792 7131
Monteiro Duarte e Filhos,RR,+55 41 4517 5119
Gonçalves da Mata S.A.,CE,21 7345-2365
Cavalcanti,RR,0500 336 7549
Teixeira Ltda.,DF,+55 (051) 9364-2641
Teixeira,AL,0300 872 7889
Peixoto Santos - ME,TO,(031) 3490 7267
Mendes,PR,84 8176 4302
Campos,RN,+55 31 7917 8101
Silveira,BA,84 9028-0754
Gonçalves,MT,31 0903 2106
Barbosa da Cruz S/A,RS,11 1177-9063
da Paz,PB,(071) 2795 1229
Duarte,PE,(041) 8757-3503
Ferreira - EI,TO,41 3695 3418
Novaes Moraes Ltda.,TO,(051) 9202 8557
Rodrigues,CE,71 3730-3833
Nunes Rocha - ME,MT,+55 61 0107 6759
Rodrigues,PE,21 4627 8034
Aragão,TO,0300-936-5275
Silveira,RO,0300-363-6659
da Mota da Conceição - EI,SP,+55 11 6261-1376
Rocha,MG,+55 (084) 3204-3094
Barros,AP,71 3528 3652
Freitas Cunha Ltda.,AM,(011) 8308-2917
Sales da Rosa - ME,RJ,84 4194-6559
Moraes S/A,SC,11 0437-7806
da Rosa S.A.,MA,51 3305 7244
Fernandes - EI,GO,51 3976 0352
Ferreira,PR,0500-655-2339
Freitas - EI,ES,(021) 8051-1055
Peixoto S/A,PA,+55 (081) 6372-2606
Novaes - ME,AP,0800 782 5292
da Mata da Cunha - EI,MG,(084) 4326 6296
Peixoto,RR,0900 988 2242
Pereira e Filhos,PE,+55 71 3407-9670
Rocha,AP,(071) 5431-0451
Duarte,CE,84 8647-3388
Pereira,RR,+55 (061) 5290-2255
da Mota,SC,+55 (051) 1281 7056
Aragão,MT,21 3023 4532
Freitas - EI,PB,(031) 4612 1458
da Mata da Paz - ME,ES,51 8241 3123
Rocha - EI,PR,+55 (051) 7701-5669
Oliveira Cardoso - EI,GO,(051) 6498 4579
da Rosa Nogueira S/A,MS,0500-118-2595
Dias Pires S.A.,SC,+55 84 0339-1753
Fogaça,RS,41 4305 7665
Teixeira S/A,MG,+55 (011) 6593 5445
Moreira Freitas S.A.,RJ,+55 11 4336-4960
Duarte S/A,RS,(071) 1325 2713
Ferreira,SE,(084) 1318-5422
Pinto Ltda.,ES,(071) 2192 4491
Rezende Teixeira e Filhos,AP,(051) 4250 2978
Lopes Santos e Filhos,RN,+55 (051) 4958 2479
Nogueira Vieira e Filhos,AP,+55 (031) 0060 0078
Cardoso S/A,AP,0800-028-2840
Gonçalves da Rosa Ltda.,RJ,61 4574-1975
da Rocha Moreira S/A,SE,0500 613 5115
Barbosa e Filhos,PA,51 6349 2519
Souza da Conceição - EI,BA,+55 41 7245-0263
Cavalcanti S/A,RS,41 8173 7094
Lopes,CE,+55 84 9440 9336
da Paz Silveira - EI,MS,41 0421 7244
Barros Barbosa S.A.,SP,0500-276-1727
Rocha,MS,+55 84 1838-7724
da Mata S.A.,GO,61 4048 8793
Ribeiro,AL,+55 (021) 9723-2128
Vieira,RR,31 4336-3285
Novaes,RR,+55 (031) 1827-6499
Rodrigues Ltda.,AM,(031) 0576-7038
Cardoso Lopes - EI,AM,(051) 4141-2105
Moreira Castro S/A,RJ,11 0698 5315
Nunes e Filhos,SP,(061) 3654-8751
Lopes,MG,+55 (071) 2933-0502
Nogueira S/A,TO,+55 (061) 9907-8683
Nunes,PA,31 5149 5964
Fogaça S.A.,AL,+55 84 2158-7783
da Conceição S/A,AP,(041) 8134 1610
Viana - ME,TO,(081) 6340 4040
Duarte,MA,41 9492-7260
Nascimento S/A,MA,84 5463 2988
Cavalcanti,PB,+55 (051) 0472-4023
Araújo Souza S/A,MG,(021) 1359-5475
Jesus - ME,SC,+55 21 5265 3655
Cunha,ES,+55 31 2813-8791
Jesus Silva - ME,GO,0300-397-8377
Carvalho,PA,+55 84 7954 1715
Pereira,PB,61 9172 0424
Azevedo da Mata S.A.,BA,(051) 7887-7260
da Mata S/A,SC,(084) 9510 5491
da Costa,MT,(051) 6230-1217
Monteiro Ltda.,BA,+55 (061) 6023 4512
Peixoto S/A,AL,+55 51 2532 1430
Rezende S/A,DF,(021) 8834-4679
Campos - EI,RS,(081) 1800 1664
Pires,AC,+55 81 9694 6249
Rocha,PA,+55 21 4650 9216
Cunha,RO,0900-346-3288
Lopes,RJ,(084) 3547-1403
Fogaça S.A.,SE,+55 81 4872 1541
Dias,SE,61 0204 1491
Castro da Rosa e Filhos,ES,0900-075-8479
Araújo Rezende - EI,RO,(021) 7757 3050
Martins S/A,MT,+55 (084) 1713-9294
da Costa,BA,(081) 2316 4807
Pires,PB,+55 (061) 9171-7382
Novaes Porto Ltda.,SE,+55 (061) 3520-1578
Campos Ltda.,MA,+55 (051) 5285 6427
Caldeira,MS,61 8089 3333
da Cruz,CE,(031) 0587 0732
Mendes,AM,81 2412-3608
Cardoso,MS,(031) 4585-9696
Campos S.A.,TO,61 0619-9644
Fogaça,BA,71 6514-5919
Viana e Filhos,SC,71 9203-7017
Vieira,AP,+55 51 4749 3121
Dias e Filhos,AP,+55 41 7336-1220
da Cruz,ES,+55 11 6211 5424
Ferreira,RN,31 1843 1087
Duarte,AP,+55 21 2815 9246
Cavalcanti,SP,+55 (041) 6728-8179
Nascimento e Filhos,MT,61 0003 1756
Ribeiro Nogueira Ltda.,RO,+55 (084) 8953-6540
Porto Araújo - ME,MG,+55 11 8060 7005
Melo Ribeiro S.A.,AL,(081) 3458 0224
Ramos,PI,71 4089-2771
Costa Azevedo - ME,GO,41 9891-1806
Castro,RO,(071) 4322 8029
Moreira S/A,SC,+55 (041) 6449 0119
Nascimento Cunha - ME,PE,+55 (081) 2892 2459
Gomes,AC,+55 21 7702 3789
Duarte Souza S.A.,ES,+55 (071) 7343-3813
Teixeira e Filhos,DF,(061) 2084-8496
Campos,AP,(061) 4005-5819
da Rocha e Filhos,GO,84 8448 8995
Freitas,PA,+55 21 0371 4965
da Luz S.A.,AM,(071) 3438 5663
Santos,MS,0800-818-8669
Fogaça S.A.,RO,31 8945-4673
Costela,PA,+55 11 7693-9846
Cunha,RN,+55 84 6290 2292
Pires Santos Ltda.,RS,+55 61 9259-3640
Melo,MT,+55 (084) 4395 6434
da Conceição S.A.,AL,61 8924 8063
Moura,TO,+55 84 4485 8647
Rezende e Filhos,AM,0800 428 7083
Nascimento,TO,(051) 7946 9717
Carvalho,SC,+55 21 7818 9362
Moreira,TO,41 7689 7952
Rezende,MA,0300-956-0856
da Mota,TO,+55 (041) 2688 7009
Ribeiro Cunha - EI,RS,(031) 0378 4030
Farias Carvalho S/A,AC,81 2750-6790
Pereira,SE,81 0109 1482
Alves Ltda.,AP,(081) 4591-0349
Lima,MS,(061) 8211-3755
da Paz,PA,51 5970 4019
Barbosa,AC,+55 (061) 3017 7853
da Mata,DF,(081) 2705-8703
Martins Nogueira - ME,PE,+55 61 8584-3681
da Rocha,RJ,+55 31 5088 8012
Rocha da Rocha Ltda.,RR,21 1644-1067
Cardoso Rezende - EI,DF,+55 (071) 8331 1296
da Mata,RS,51 4511 0609
Cardoso da Cruz - EI,BA,41 5122 2887
Pereira,CE,0800-829-3726
Lopes S/A,PA,+55 (071) 4841-6158
Cardoso,PI,+55 (031) 5653-3499
Moreira,RS,71 2481-6265
Carvalho - ME,DF,0900 701 8116
Gonçalves Ramos Ltda.,PR,0800 645 5695
Gomes Cavalcanti - ME,AP,(031) 1233-3682
Cardoso,PI,+55 81 2044-1839
Duarte Nunes - EI,RJ,(051) 1494 9280
Carvalho,SC,81 8639-9233
Teixeira,MS,(041) 2416-2020
Campos Duarte e Filhos,RS,0500 113 9445
da Rosa,AC,+55 21 2670 0401
Campos,MS,(051) 6608-7893
Barros,PE,0900 367 3168
da Luz,PB,0800 718 4053
da Conceição Silveira S/A,AC,+55 84 0155 3867
Nunes Dias - EI,SP,81 4853-2727
da Cruz,AM,11 9384 0181
Nunes,DF,(011) 5562-6776
Costela e Filhos,GO,+55 (051) 8722-9604
da Luz,RN,+55 11 4206 9312
Lopes e Filhos,GO,+55 21 4859 7509
Costa - ME,AC,81 7559-3931
Novaes,SE,+55 (061) 3312 0160
Campos,PR,11 6221 7262
Novaes Ltda.,RO,+55 (051) 1872-9827
da Conceição Caldeira S/A,AM,84 5712-9619
da Conceição,PB,+55 31 7566-3096
da Mota Alves S/A,RN,(051) 8787-9760
Peixoto,PA,+55 (021) 1283-2302
Cardoso Costa - ME,TO,+55 (061) 9645-5933
Correia Cardoso S.A.,GO,0800-081-9816
Silveira e Filhos,PR,(071) 2744 5220
Nunes da Luz - EI,MA,+55 71 3442 7474
Cardoso,PE,41 9529-5442
Freitas,PR,+55 51 7003 0613
Rodrigues Dias Ltda.,ES,(061) 5653 5794
Costa e Filhos,MG,(051) 6565 8801
Jesus,MG,61 0179 5710
da Cruz - EI,MT,0800 329 5206
da Conceição Moraes e Filhos,RN,(071) 3251 5239
das Neves,DF,+55 81 5463-8288
Lopes - EI,ES,+55 (011) 5987-8633
Almeida Ramos - ME,RR,0500 279 5336
Souza Ltda.,ES,+55 21 9801-2798
Dias,PI,0900-436-3900
da Luz,PE,+55 (084) 3736 9556
Correia e Filhos,DF,+55 (071) 6514 3407
Martins Rodrigues S/A,PB,+55 (071) 5226 5895
Costela Alves - EI,CE,41 7788 5448
Pereira,BA,81 6154-5641
Cavalcanti,SC,+55 84 5811-0306
da Luz,BA,(021) 8789-3834
Gomes,SC,+55 51 6140 6029
Jesus,BA,+55 (051) 8121 3625
da Conceição,SC,(031) 8643 2165
Silva Ribeiro e Filhos,RN,51 4106 3948
Ferreira,MG,+55 (084) 2803-3929
Nunes Rodrigues S.A.,SE,+55 61 6902 3245
Caldeira e Filhos,RS,(031) 0331 6987
Martins,TO,11 7332-8709
da Cruz Porto - EI,PA,0300 290 4369
Rezende,AC,(051) 3315-5813
Novaes Barbosa Ltda.,SC,51 9384 2097
Castro Ferreira S.A.,AC,(061) 1735-1186
Caldeira - EI,CE,(061) 6388-9783
Moreira,AC,0900 000 2587
Rodrigues - EI,MS,(084) 8452 3324
Nascimento - ME,PI,+55 51 2160 0882
Nascimento,AM,11 5435 6048
Campos e Filhos,MG,11 6235-0793
Silveira,PE,+55 (011) 6813 9796
da Rocha,BA,71 0241 1373
Caldeira,BA,+55 41 2084-3036
Pinto Martins S/A,RN,81 6469 3744
Sales,PE,+55 (011) 4667 8738
Peixoto Oliveira - ME,AM,+55 (081) 1802 0670
Azevedo Oliveira S.A.,PE,0900-930-4482
Cardoso e Filhos,SP,0900 611 7911
Silveira,AM,0300 440 4472
Peixoto Almeida - ME,PR,(071) 4438 9357
Moraes S/A,RJ,41 1076 8380
Alves,MT,+55 61 1701-2368
Moura,TO,(051) 0910 7542
Viana,SC,(071) 4187 1891
Correia,AP,0500 366 5337
Freitas S.A.,DF,(011) 2814-3367
Vieira Barros S/A,AL,(081) 7457-5384
da Rosa,PA,61 7826-7151
Lima Oliveira S.A.,AP,71 4649 1181
Castro,RJ,(051) 4381 5446
Azevedo S.A.,BA,(011) 1296 9340
Nunes,PI,+55 (051) 8109 3255
Viana,SC,+55 51 3788 0067
Silveira S/A,GO,+55 (084) 3621-9297
Fernandes,DF,(084) 1076-3103
Cunha,PB,81 2996 4041
Lopes - EI,PE,(041) 0925-8794
da Paz,AP,+55 61 7745 0376
Silva Pereira - EI,SC,31 6266 3624
da Paz,TO,+55 (084) 8731 6683
Lopes,PA,(021) 0357 7514
Nunes,SC,11 3117 0119
da Costa,MA,(081) 2058-2475
Costela Jesus Ltda.,RS,+55 21 2294-1100
Ribeiro - ME,GO,(084) 9394-2409
Porto,PB,71 3306-6784
Gomes,PB,+55 (051) 9937 9418
Lopes,RO,11 2507 0486
da Mota,AM,(031) 7472 2509
Gonçalves e Filhos,PR,84 4895-9229
Ribeiro Almeida - ME,RS,71 3380-3619
Dias,SE,+55 61 2749-6824
Rocha Ltda.,RN,41 4194 5360
Barbosa,GO,71 1730-3060
da Conceição e Filhos,PR,(011) 7376 1718
Teixeira,PA,0300 775 4486
Peixoto e Filhos,SE,(081) 8003-5189
Barbosa,SE,+55 61 8472 2463
Dias,MT,+55 61 1757-8494
Santos S/A,GO,+55 (071) 5854-1685
da Luz,RJ,(041) 2612-4891
Almeida S/A,PB,(051) 7006 1020
da Costa e Filhos,PA,81 4540 2502
Silveira,MG,0900-104-7395
Moreira,SC,(081) 5278-4082
Freitas,SC,0800 519 4594
da Paz S.A.,AL,11 0401-7323
Correia,SC,61 4979-9130
Gomes e Filhos,AM,(084) 0483 5249
Monteiro Cavalcanti e Filhos,BA,(021) 2340-9874
da Rocha e Filhos,RJ,11 0201-3905
Teixeira,RS,+55 (031) 6255 3796
Cardoso Novaes S/A,ES,(084) 3035-6306
Ramos Novaes - ME,DF,(011) 2571-6107
Gonçalves,TO,41 3436-8452
Rodrigues,MT,+55 (071) 7094 1166
Ramos Rodrigues - EI,RJ,+55 (011) 6534-9282
Vieira,RJ,(084) 4376 5439
Ribeiro,RS,11 1523-5625
Pereira,SP,+55 51 5942 6331
Costela Silveira - EI,PR,+55 84 2138 3004
Fernandes,TO,(061) 3566-4909
da Cruz Ltda.,SP,+55 61 7494 5574
Costa,MA,41 8932 3271
Costela,DF,0500-049-8231
Freitas,AC,(061) 3426-9541
Cunha,AP,21 3321 3924
Pires Nascimento Ltda.,CE,61 3568 8023
Jesus,TO,+55 84 9730 2887
Fogaça Vieira e Filhos,AC,(081) 9920-4536
Gonçalves,RJ,+55 51 8148 8684
Fogaça Mendes - EI,BA,+55 51 3015 2044
Nascimento Oliveira - ME,DF,+55 31 6350 2926
Araújo Nogueira - ME,MA,+55 (021) 5915-3352
Farias S/A,SP,(061) 2963-0035
Caldeira,GO,0300-546-7898
Nogueira Fogaça Ltda.,MS,+55 (084) 0455-4219
Nunes,MA,71 1794-2876
da Rocha,CE,+55 (071) 9493-5378
Castro Silveira - ME,PR,81 2690 9308
Pires Ltda.,SC,41 1856-5465
Porto,MS,0800 518 8487
Rodrigues e Filhos,DF,0300 643 1402
Novaes e Filhos,ES,(011) 9241 7083
Jesus da Mata S/A,PE,+55 (011) 8828-1096
Rodrigues,RS,0900 525 3261
Oliveira,RJ,0500 492 4760
Santos,PB,41 7687-1274
Rodrigues,MA,+55 61 2457 1813
Mendes,RN,(061) 9042-9426
da Mata Ltda.,PR,+55 51 2981 1554
da Mata Rezende - ME,ES,21 4189 0840
da Rosa,TO,+55 (031) 8077-3263
Barros da Paz - EI,MS,+55 11 3439 0119
Duarte,MT,21 2908-0588
Ribeiro,MS,+55 (071) 8960 4646
Cunha,RR,51 4166 2630
Aragão,MG,+55 21 5757 8421
da Rosa Ltda.,ES,(011) 9598 3365
da Rocha Jesus - ME,RO,0900 070 7048
Alves e Filhos,BA,+55 (061) 1626-7248
Santos Lima - ME,PR,+55 (084) 9965-4174
Santos,RJ,+55 (051) 0858 3565
Ramos Ltda.,PE,71 7020 7467
Pinto da Cruz S/A,PE,+55 61 6007 3368
Barros Rezende S/A,MG,71 7414-2861
Jesus,PA,0900 589 4726
Ferreira - ME,PR,+55 (061) 1217-5717
Moraes,AM,+55 61 2072-5818
Sales da Conceição - EI,PB,(011) 7939 9591
Moraes Gomes S.A.,AC,(061) 6572-9429
Castro,RR,81 6739 7758
Moura,MS,51 9734 1412
Castro S.A.,PE,+55 (051) 5995 8609
Souza e Filhos,AM,+55 51 4713 9592
Costa,TO,81 5359-6128
Pinto,RR,+55 (061) 2882-3285
Rezende Silveira S.A.,PR,84 1784 1177
da Cunha Santos Ltda.,PE,+55 21 4721-3580
Pinto Costela - ME,RN,+55 84 0703-6088
Oliveira,SC,31 7905 1077
Pires,PI,+55 71 5076-5679
Cunha,MA,(081) 7848-8004
da Cruz,SP,+55 (071) 9326 3966
Mendes e Filhos,PB,61 5501-1261
Sales Moraes S/A,SE,+55 (071) 4362-5151
Barbosa Barros - ME,AM,+55 (041) 2845 7849
Correia da Luz e Filhos,TO,+55 (021) 4789-8442
Carvalho,BA,+55 (051) 5926 6118
da Mota,AM,+55 41 8406-3012
Melo Sales - ME,CE,84 0575 7901
Castro S/A,MT,+55 (084) 5546-9838
da Cruz,PE,+55 (021) 2942-5656
da Conceição - ME,PR,(081) 7199 3243
Lopes Cavalcanti S/A,AC,+55 21 3876 0431
Castro,RJ,0900-927-5125
Nunes Oliveira - ME,SE,11 3990 6037
Campos,GO,84 0946-1501
Nunes Moreira - EI,AC,+55 (081) 8964 6858
Rezende e Filhos,PE,+55 51 9407 4336
Cunha,PB,(031) 0116-3317
Oliveira Correia S/A,PR,+55 (021) 6263 0942
Peixoto Ltda.,GO,+55 21 5790 1429
Freitas e Filhos,RN,(031) 5829-3495
Nascimento,PR,+55 11 0392 5985
Rodrigues Silva - EI,ES,+55 (011) 8905-4038
Gomes,MT,(031) 1030 9099
Ribeiro,PA,+55 11 5328 4406
Pereira Cavalcanti e Filhos,RO,+55 31 2118 8823
Araújo - EI,AP,(084) 3129-0952
Fernandes,CE,11 1368-7778
Pereira - ME,MS,+55 (011) 9992 0971
da Mota,PR,71 9246-6527
Rodrigues,MS,+55 (021) 4008 0266
Fogaça Costa e Filhos,BA,+55 11 8453 7106
Moura,RR,(041) 7616-1201
Correia,AP,(061) 0579-5060
Fogaça,CE,+55 84 3596 2005
Ramos S/A,ES,31 2996-2834
Nunes,RO,+55 (071) 0550 3856
Caldeira Ltda.,AC,+55 81 6599-8810
Nunes Carvalho - ME,AM,(051) 3403-7523
Costa e Filhos,AL,+55 (084) 9356-7389
Silva Porto e Filhos,SE,+55 51 6828 1208
Porto,PR,11 1366 3951
Fogaça,MG,+55 31 6036 3006
Sales Rocha - ME,AP,0500-280-2563
Rodrigues Cavalcanti S/A,BA,+55 71 7073-3677
Silveira,DF,+55 11 7968-2131
da Rosa Silveira - EI,RJ,+55 (081) 7088 6716
Rodrigues - ME,PR,81 3681-9522
Nascimento - EI,PR,+55 (061) 9049 1174
Alves S/A,MA,+55 (051) 6580-3940
Farias da Luz - ME,SC,71 8145-5379
Costela,PI,21 7280-6324
Oliveira,SP,51 3251 2008
Barros - ME,BA,41 0814 8788
das Neves,AL,0900 939 7762
Moraes,RJ,+55 (061) 6339-0095
Gonçalves,PB,31 8453 6201
Barros - ME,ES,(071) 5534-8400
Pires,AL,(084) 5892-8662
Vieira - ME,GO,11 7073-2757
Sales S/A,AL,+55 (084) 8430 0998
Barros Lopes S.A.,MT,0300-938-5773
Pereira,MT,84 0692 6132
Moraes,TO,41 2196 7510
Costela,RJ,+55 (031) 7633-9085
da Rosa,AM,0800 866 4024
da Rosa Nascimento Ltda.,AC,41 6392-4992
das Neves,MA,81 9542-6599
Duarte,DF,11 9041 8801
Rocha,RJ,61 0217 4542
Gonçalves Cardoso e Filhos,PR,51 0081 2201
Araújo,PB,71 6610-1561
Silva Freitas S/A,MA,+55 (084) 8266 9893
Fernandes,AP,+55 81 3822-1037
Ferreira da Luz e Filhos,TO,+55 51 5436 5272
Ramos,PE,+55 11 0939-3230
Pereira Moura e Filhos,MG,0800-762-6236
Ferreira S/A,RJ,+55 71 3750 1007
Rocha da Cunha e Filhos,MS,+55 51 4271 4868
da Paz S/A,ES,(041) 5753 7132
Gomes,PI,+55 (084) 5820 9681
Cardoso,ES,+55 (084) 1509 5750
Ribeiro,ES,41 6521 2868
da Rocha Moura e Filhos,MS,+55 84 6705-7987
Novaes da Rocha S.A.,AM,+55 (061) 8572 9200
Duarte Lima Ltda.,AL,11 2007 9841
Nunes,CE,(021) 2845-6809
Lima e Filhos,PI,+55 51 9150 7348
Cardoso Ltda.,RR,71 0680 8295
Carvalho - ME,AL,61 0780-0914
Sales,AC,+55 51 1828 6031
da Paz Costela S.A.,MG,41 3359-1161
Fernandes e Filhos,AC,(031) 0182-1296
Rocha Ltda.,GO,21 3527 8874
Azevedo Almeida e Filhos,TO,0500 576 2884
Rodrigues,MT,84 2249 3679
Araújo,AP,+55 (071) 9529 2256
Rodrigues Cardoso e Filhos,RO,+55 21 2263-5552
Martins,BA,+55 (061) 5317-8073
Gonçalves,MS,11 4937-5219
Gonçalves S.A.,TO,+55 (051) 5334 7658
Sales Moura - EI,GO,0300-604-4730
Freitas Vieira - EI,MT,+55 11 1689-6966
da Luz,MT,41 8766 4504
Sales S.A.,TO,+55 (011) 1574 9635
Oliveira e Filhos,RJ,(084) 2123-5785
Sales,AM,+55 61 4395 1818
Nunes Aragão Ltda.,AL,+55 (071) 3217-0782
Silveira Pires S/A,RJ,81 7416-5375
Costela,DF,81 9710-8838
Moura,MA,11 2539 6562
Rocha,CE,+55 (061) 7266-3863
Costela,AC,+55 61 7043-9035
Novaes,PI,+55 (081) 7808 7390
Freitas Cardoso e Filhos,MA,(061) 4825 0057
Rocha,PI,0300 667 4373
Viana,RR,+55 81 9984-2264
Freitas,SP,+55 (011) 7714 2391
Melo,SC,+55 (021) 3133 2076
Teixeira,RN,0300-975-4022
Barbosa,PE,0300-638-9464
da Rocha,SE,(051) 3932-7750
Rocha - EI,PB,+55 (011) 5082-3977
Ribeiro - EI,PE,+55 11 8997 5489
Cunha,AP,61 2889-4053
Caldeira Rocha e Filhos,RN,+55 (051) 3379-7631
Moraes Cardoso e Filhos,SE,(084) 7365 1624
Lopes e Filhos,RR,0300 940 8382
da Mota e Filhos,TO,+55 (051) 8308 7117
Jesus Fernandes S/A,SE,+55 84 3458 4439
Novaes,AM,(061) 0580-8636
Dias S/A,GO,(061) 4943-9684
Cunha,SE,61 4275 4069
Alves S/A,RJ,81 4839-8974
da Luz,MT,51 7664 1974
Rocha,AM,+55 21 4239-1150
Moura Moraes e Filhos,PB,81 7039-9149
Teixeira,RR,+55 (081) 7975-7406
da Cruz,PI,(071) 6769 8955
Freitas,AM,21 1506-1719
Vieira S/A,AM,(011) 6870-3388
da Costa Azevedo e Filhos,PB,(061) 1632-1100
Cardoso da Rosa Ltda.,PA,+55 (011) 9717 5874
Lima S/A,PB,(011) 5452 1249
Fernandes,GO,+55 (041) 5560 7849
Lopes Novaes - ME,MS,(021) 0491-8384
Porto,AM,+55 31 7889-5009
Freitas,RS,11 2065 8816
Fogaça,DF,+55 84 7748 8867
Cunha Ltda.,CE,(041) 6868 1522
Fernandes,AL,+55 (084) 0343-5914
Moraes,PE,+55 11 5034-0948
da Costa,MA,+55 (084) 0939-1472
Souza S/A,PA,(031) 5699 8690
Pires - EI,PI,+55 (081) 0897 2936
Rodrigues,MA,0900 985 5946
Peixoto S/A,MT,11 3526 3467
Vieira,PR,(061) 8771-2814
da Mata Almeida - EI,SE,84 8218 8905
Mendes,SE,21 6765 8673
Moreira Ltda.,AL,+55 (011) 4329-7674
Moura,SP,0300-775-7994
Teixeira,AC,0900 802 7783
Oliveira e Filhos,RO,0900-769-9089
Monteiro,BA,(011) 2058 5964
Monteiro,PE,+55 21 3482 2391
Porto,AL,21 6790-6501
Cardoso - ME,RR,31 4342-0192
Ramos,SP,+55 (011) 7901-2302
Barros,DF,61 3506 0054
Peixoto e Filhos,CE,+55 (071) 5421-6029
Nascimento Porto S.A.,PI,+55 (084) 9951-9965
Martins - ME,RS,0300-081-1493
Viana da Cruz S.A.,MA,(031) 3169 5797
Almeida Ltda.,RN,+55 51 9182 9542
Cardoso da Cruz Ltda.,BA,+55 (041) 5093 2576
da Paz,MG,11 1840-9993
Oliveira - ME,AL,51 5518 0039
Cardoso,AL,+55 84 9923 9591
Nascimento - ME,AC,0300-326-3162
Rezende - EI,RR,+55 21 2645-5259
Vieira da Mota - EI,AC,21 2791-2377
Campos,GO,+55 71 1814 1890
Fernandes,MG,61 0934 2232
Fogaça Ltda.,PR,+55 (041) 5206-3769
Teixeira,MT,+55 (081) 0532 3961
Silva,AL,+55 (021) 4286-8000
da Cunha Ltda.,PI,11 9546 6626
da Conceição da Cruz - ME,ES,+55 71 9494 8427
Almeida,BA,+55 61 9221-9170
Vieira Melo S.A.,BA,+55 (061) 1539 1873
Moraes Martins - ME,RS,21 8997 3082
Fogaça Lima S.A.,MA,81 4780 5952
Fogaça,GO,(071) 1413 4868
Teixeira S.A.,AL,61 1254-2214
Araújo Ltda.,TO,+55 84 2510 0510
Melo e Filhos,SE,(061) 6150-2227
Barros - EI,MT,0800-790-0530
Farias,SC,+55 71 4474 6869
Ribeiro S/A,MS,21 5788 9635
Cardoso Nascimento S/A,RR,+55 84 6946-0095
da Paz,PI,11 4335-9197
Rocha Mendes S.A.,AM,+55 (041) 4365-2082
Correia,TO,31 0852 1208
Cunha e Filhos,SP,0900-632-5992
Duarte,PB,+55 31 6350-4343
Lima,AL,0500 280 2163
Freitas,RR,+55 21 5165-0091
Porto,PE,61 2403-5029
Cavalcanti S/A,PA,+55 (011) 6880-7276
Cardoso,RN,(051) 4311-2072
Azevedo da Rocha - ME,AP,+55 61 4177-3047
Caldeira,MG,31 7826 9707
Cunha,SP,(071) 2586 1083
Santos,MS,(031) 3863-1694
Lima - EI,PB,+55 41 8938-7307
Jesus Ferreira Ltda.,RJ,41 9754 1851
Viana Ltda.,RN,0900-078-8797
Martins Vieira Ltda.,CE,(084) 2742-8751
Aragão,MS,+55 41 6387-1375
Nascimento,PI,+55 (084) 1640 4298
da Rocha,RO,+55 (011) 1544 7942
Cunha,SP,11 6285-8716
da Conceição S/A,RO,+55 (011) 7737-3759
Pinto Vieira e Filhos,AM,+55 (051) 4903-7366
Porto,MG,41 4929-5130
Gonçalves,TO,+55 (041) 3017 2259
Rocha e Filhos,MS,+55 61 4355-5796
Costela Ltda.,GO,+55 81 4429-5535
Melo,SE,+55 61 5119-5563
Ribeiro Silveira Ltda.,RN,(011) 8213-1861
Nogueira,DF,+55 (041) 0503 1424
Moreira,PE,51 8001 1180
Moura,PB,+55 61 0910 3493
da Cruz - EI,SE,+55 (041) 0355-1608
Souza,RJ,(061) 5625-9130
Novaes - ME,MS,51 5151 3376
Duarte,AP,+55 (061) 4479 1031
Cardoso Pereira Ltda.,PB,51 9487 0173
Araújo e Filhos,TO,81 5855-1326
Nogueira,RR,+55 (071) 2235-6274
Moreira - EI,SC,+55 (021) 5590-7954
Carvalho,DF,(021) 6876 6239
Ramos,MT,51 5263 9488
Mendes,PA,+55 (081) 0117-3202
Martins,PA,+55 31 5832-8274
Nascimento,RJ,81 0799 6174
Cardoso,PB,0800-386-4300
Novaes Almeida - EI,GO,+55 31 9025-8114
Silveira Nogueira Ltda.,RN,+55 31 9811-1120
Lopes,CE,+55 61 5897 1713
Duarte S/A,MG,(051) 5126 5484
Jesus,MS,0800 578 7190
Nascimento,RO,+55 (081) 1427-8266
Cavalcanti,AL,(041) 2384 9227
Ribeiro Ltda.,SP,(084) 3593-7992
Viana,RO,+55 61 2414-7020
Cunha S.A.,MA,21 4554 6640
Viana e Filhos,RN,+55 51 8509 9871
Nascimento,AL,+55 (081) 8132-4092
Martins S/A,RO,(031) 7964 6779
Santos Ltda.,CE,81 5789-3329
Araújo Caldeira S.A.,RS,+55 41 0018-0891
Gomes da Rocha S.A.,AM,31 4373-6829
da Mota,DF,+55 71 0140-8397
da Luz,MT,11 3231 7687
Melo S.A.,RN,+55 71 1657 3422
Nunes Ltda.,MA,51 5070 1243
da Costa Barbosa S.A.,SP,51 9929 2288
Cardoso,MG,41 0756-2190
Caldeira,AM,81 2381 7503
da Mata,SC,0800 036 5853
Lima e Filhos,CE,(081) 9727-3486
Nunes - EI,MS,+55 (011) 8391-5088
Novaes,PA,+55 21 4233-8763
Viana S.A.,MA,0300 414 3199
Fernandes Dias - EI,PR,+55 (031) 1871 2530
Pereira,PB,0900-714-5191
Souza,AL,+55 (041) 4465-5615
Peixoto,MS,0900 993 0857
da Rosa Ltda.,CE,81 0330 7460
Lopes Cunha - ME,MS,41 7636-8129
Gomes - ME,ES,(081) 7353-5924
da Cruz,SP,+55 21 5639-8143
Teixeira S/A,RR,(061) 4185 7682
Nascimento e Filhos,SC,11 5893 7743
Alves,TO,84 6864 6847
Nunes,GO,(011) 4605-2869
Moreira,PI,+55 84 5717-1279
Porto,BA,+55 (041) 3640 4062
da Rocha Teixeira S/A,CE,+55 (051) 9109-2451
Costa,PB,61 7843 6024
Ramos,RN,51 5727 3389
Sales,CE,31 8571 7656
Farias,AC,61 9032-6645
da Mata,PE,+55 (061) 6108-0212
Farias,MG,(061) 8424-1055
Moraes,PE,0300 195 8629
Novaes,RR,0800 090 3133
Carvalho - EI,MS,51 9542 4568
Gonçalves,RJ,+55 21 2019 5720
Jesus e Filhos,CE,(071) 7767 7858
da Luz S/A,BA,(041) 4020-0949
Duarte,SP,0500 255 6262
Pires,RJ,0900 498 1811
Mendes,AL,(051) 6436-8351
Melo Azevedo e Filhos,SP,+55 81 3939 9016
Araújo,RR,84 7517-7912
Ferreira,RN,(041) 0616-7123
Sales,SE,21 7959-9399
da Luz,PA,+55 61 6666-0326
Silveira Costa e Filhos,PR,21 5413-0868
Barros S/A,PE,84 3144 4953
Gonçalves,MA,+55 41 9368-4011
Alves,AP,+55 81 7032 4799
Campos S/A,PR,(084) 8484-0548
da Rocha S/A,MT,84 7567-0740
Carvalho,SP,51 6817 1827
Costa,AC,+55 (051) 7338 5850
Martins,MG,41 1724 3644
Oliveira e Filhos,PE,71 0005-3909
Fernandes Caldeira e Filhos,SC,(051) 6593 5357
Mendes,BA,0500-751-2576
Martins,MA,+55 (061) 6415 4725
Sales S.A.,RS,0800-187-8258
Moura,AM,+55 (021) 7266 4890
Rodrigues,SP,0500-096-0387
Viana - EI,GO,(031) 1590-6999
Pinto,PA,+55 81 5872 1515
Silveira S/A,PR,+55 71 3606-5295
Correia e Filhos,ES,+55 71 1030 9954
Farias,PI,(051) 8997 7765
Alves Ltda.,CE,+55 (071) 3775-7238
Moreira,RO,51 5317 6988
da Costa,GO,0800-887-6848
Fogaça,CE,+55 (021) 1988 1210
Gomes,AP,+55 (061) 4532 4387
Rodrigues Silva S/A,RJ,(061) 3587 8118
Jesus e Filhos,TO,31 6467 1459
Porto - ME,BA,(071) 5427-2235
Costa,PR,+55 (061) 5126 0504
Silva,TO,71 4396 1918
da Rocha,DF,41 1767 0062
Sales Cardoso - EI,MT,84 6434 8646
da Rocha,PI,+55 (021) 4837-8431
Barbosa e Filhos,AM,(011) 0006-5345
Moura,SC,0300-436-5716
Martins Silva S/A,ES,41 7773 6661
da Rocha Ramos Ltda.,RN,(011) 6630-1781
Castro Moreira Ltda.,PE,+55 41 6328-4416
da Luz e Filhos,GO,(071) 6752 8554
Moreira,RO,+55 31 5588 4235
Novaes,PI,84 0090 9292
da Rosa,MA,(011) 0956-2455
Lima,ES,84 3661-8962
Fernandes S/A,RO,31 8676-2305
Teixeira S/A,AC,81 5173 3529
da Rocha,MS,11 9027-8905
Cunha Duarte S.A.,AC,0900 588 7388
das Neves,RN,+55 (021) 5769 2976
Santos Gonçalves S/A,PA,41 7059-8700
Alves,CE,+55 (031) 6652-8351
Duarte da Costa e Filhos,PR,(031) 0909-6828
Oliveira Ltda.,AP,(061) 9437-4590
Moraes,PB,(041) 1448-2206
Caldeira - ME,RS,0300 546 8730
Ribeiro Fernandes - ME,MG,(061) 8058 2090
Ferreira,PI,84 6688 7613
Dias Ltda.,RJ,+55 (021) 8774 5813
Correia S.A.,AP,+55 61 5889 9825
Pinto S.A.,PE,+55 (011) 0828-6717
Nunes S/A,AL,31 9910-6792
Mendes - EI,AC,+55 21 5935 8300
Silva,PA,+55 (084) 9560 9655
da Rosa,PE,+55 (041) 7822-3470
Cunha - EI,AP,+55 51 9224 7841
da Cruz Nascimento - EI,GO,(021) 3202-7382
Martins,RS,84 8343 5378
da Conceição S.A.,RO,(011) 9902 4815
da Cruz,AM,61 8824-7925
Fogaça - ME,BA,(051) 2992-9214
Santos,PI,+55 31 5925 0986
Azevedo Cardoso Ltda.,RN,84 6157-4103
Barros,RS,(021) 3863-5052
Teixeira,PI,+55 (071) 9671 6951
Moura,TO,+55 41 2352-1395
Dias e Filhos,RS,+55 (041) 7129-5772
Costa,SP,(081) 2624-1563
Gomes,SC,+55 (051) 3925-0218
da Cruz S.A.,SP,51 5910 7984
Duarte e Filhos,AC,0500 764 9216
Silveira,RN,+55 (061) 7828 7635
Moraes - ME,BA,61 7888 9597
da Mata,AM,(051) 0700 6947
Lopes,RR,(071) 3923-3165
Ferreira,BA,(061) 9161-1268
Martins Melo - ME,MA,21 8906 4567
das Neves,TO,+55 71 6469 3345
Caldeira Moura Ltda.,SP,+55 41 4195-1814
Gomes,TO,81 9077-7745
Nascimento,RS,84 6902 9287
Castro da Paz e Filhos,RR,0300-266-4263
Santos,CE,+55 81 3602-6981
Moura,PB,21 3976-9078
Lopes,RJ,51 8492 8267
Rocha,GO,11 1691-2687
Peixoto,RS,+55 (084) 5243-4912
Ferreira,RR,(084) 6146-4933
Gonçalves,PE,81 6511 9269
Ramos Mendes S.A.,PE,(031) 1726-4515
Teixeira,AC,+55 84 6024 8676
da Cruz S.A.,MG,71 9842-8044
Fogaça Dias S.A.,AL,+55 (071) 0579 9846
Campos,RJ,0800-555-2901
da Conceição Duarte Ltda.,AL,+55 (041) 4522 2596
Freitas,CE,+55 (081) 7810-2840
Monteiro,TO,21 5616-8701
da Mata Gomes S/A,PI,(061) 8145-2063
da Mata,SE,11 6855 1796
Melo Costa Ltda.,DF,(021) 5353-1300
da Mota Nogueira S/A,ES,+55 21 3891 3972
Souza,AM,+55 51 7769 1368
Martins,TO,51 6963 4054
Ribeiro,PR,+55 11 4555-5667
Rocha e Filhos,RJ,(084) 0868 8638
Martins - ME,AL,81 0599 7690
Souza,PA,0800 317 7563
da Rosa Caldeira S/A,RN,71 7214 6919
Campos S.A.,GO,61 1908-6782
Moreira,RS,+55 (081) 9010 5598
Farias - ME,DF,84 7244-6138
Rocha Araújo Ltda.,RR,+55 (061) 5042-1485
Caldeira Porto S/A,RR,51 0865 7698
das Neves,AP,0800 906 6397
Ribeiro,RO,21 2554-9150
Novaes Teixeira e Filhos,TO,(084) 6268 2952
Lima,DF,+55 (051) 5328-7986
Pinto,SC,+55 (061) 0126 4816
da Rosa Ltda.,AC,+55 71 8654 9450
da Cruz Castro S.A.,AC,+55 31 9328 6641
Caldeira,PE,+55 (031) 5615-0260
Rezende,CE,21 3934 4553
Dias Rocha S/A,PI,21 9947 4548
da Mata Silva S/A,CE,+55 71 6990 4035
Silveira,AL,(084) 6193 2631
da Paz S.A.,PB,+55 (084) 4715 2367
Almeida da Luz - ME,RN,(041) 2506 9561
Silva,PE,+55 71 0120 6184
Pereira Gomes S/A,RR,0500-720-3455
Almeida,RR,+55 (041) 0833-6964
Melo,RN,(051) 2775-1120
Barbosa,RS,(081) 3279 4847
Fernandes - ME,PI,71 8310 0580
Fernandes,RR,(031) 2145 5983
da Mota S.A.,MA,11 1783 0017
Moura Costa Ltda.,AL,81 9091 2577
Melo das Neves - EI,MA,71 7138-4244
Pires,PI,(011) 3963 6347
Nascimento,SP,71 2735-3722
Gonçalves Ribeiro - ME,ES,+55 (031) 4828-5722
Pires Fogaça - EI,RR,(081) 4995-9778
Castro Caldeira S/A,PB,31 3079-1255
Ramos - ME,SP,+55 (061) 0386 6700
da Luz Costa S/A,AC,+55 21 1767-7366
Duarte Oliveira e Filhos,RR,51 5126 3106
Moreira,MT,11 3451 4659
da Cunha,SP,71 3202-6425
Dias Ltda.,MA,+55 (031) 7630-5636
Peixoto,TO,+55 (081) 1788 1829
Fogaça S.A.,SC,21 6870-9701
Fernandes Lopes Ltda.,AM,0800-011-2773
Fernandes - EI,RS,+55 81 5070 8737
Melo Barros S.A.,AM,+55 11 9838-0344
Cardoso da Rocha S/A,GO,(021) 3452-0706
da Mata - ME,RS,+55 (051) 3260 8005
Caldeira,MT,(061) 0554-0299
Melo,SP,+55 11 0418-2583
Moreira,PE,(071) 2416-9656
Mendes,AC,+55 51 4333 5432
Araújo Carvalho - ME,RN,+55 41 0325 4005
Almeida,MG,71 2620 3284
Monteiro - ME,TO,+55 (084) 7601-7721
da Rosa Costa - EI,AL,+55 81 9453-3877
da Cruz,RO,+55 (011) 0970 0828
Carvalho Ltda.,TO,+55 (071) 0472-2367
Cunha,AM,51 5731 2762
Duarte,RR,+55 21 1159 5885
da Mata Almeida Ltda.,ES,(051) 2037-0325
Araújo Azevedo S.A.,PE,+55 51 5736 5801
Fogaça,CE,31 8608 9295
Oliveira Moreira - ME,AM,(071) 7076-1778
Lopes,SP,+55 (051) 7424-5694
Farias,TO,+55 81 5854-2355
da Rosa da Cunha S.A.,SP,0800 788 2429
Cardoso,PI,51 2940 8896
Cunha,BA,71 7137 6666
Novaes S.A.,PA,(061) 5841 7391
Barros,MG,0900-581-6210
Rocha,PB,+55 (041) 6394-5814
da Conceição,MS,51 4006 4864
Correia,DF,+55 (071) 5581 0317
Teixeira Costa - EI,SE,(061) 8490 0202
Monteiro,RJ,+55 (011) 2710 5315
das Neves,PA,+55 (021) 4046-2031
Costa Ltda.,SP,0900 050 6289
Pereira,AP,+55 41 9734-5522
Nascimento e Filhos,RS,+55 84 8170 9810
Nunes e Filhos,PA,41 9786 7062
da Paz Dias S/A,MS,+55 (081) 2746-9240
Barbosa Ramos Ltda.,PA,(084) 8683 9266
Moraes Ltda.,PE,(061) 5227 7127
Nogueira,SC,(051) 4018 5043
Caldeira Vieira S/A,CE,(051) 7963 2975
Cardoso,SE,(061) 9188-2882
Araújo,PB,71 7710 8489
Nascimento Oliveira S.A.,ES,11 7271-1227
da Conceição - EI,MS,0300-786-2780
Sales,ES,(011) 3830-5869
Gonçalves,RJ,84 2265 8874
Cunha,SC,61 4677-2412
Caldeira,CE,+55 21 9197-4803
Fogaça - EI,RN,+55 (031) 9266-0449
Cardoso da Mota Ltda.,PB,81 4865-3173
da Cunha Peixoto S/A,TO,+55 81 1581-3658
Rocha,RJ,(051) 0487 2821
Pinto - ME,PI,+55 (031) 4461 4363
Costela e Filhos,TO,+55 (011) 4566-7425
Araújo,PE,41 3462-9439
Novaes Jesus S/A,BA,+55 61 1510-4869
Oliveira,MT,84 6109-3016
Ramos Rocha - EI,ES,(011) 5989 8302
Fernandes,PA,0800 081 7805
Cardoso - ME,DF,+55 (071) 8899-4872
da Mota,SE,+55 (051) 0041 5391
Moreira,RJ,+55 (081) 8602-1159
Lima da Cunha S.A.,AP,+55 (021) 9996-1208
Nunes,PE,+55 81 3367 4192
Silveira - EI,RN,61 4906-9750
Lima Gomes e Filhos,CE,(041) 2179 9577
Correia Cavalcanti Ltda.,AM,+55 (031) 1008-5627
da Cruz,RS,(041) 2711 1047
Rezende Campos Ltda.,SE,+55 (051) 8878-0738
da Luz,AC,+55 84 1321 8364
da Paz,GO,+55 81 2923-7465
Ribeiro Novaes S.A.,AP,0300-284-9558
Costa,PE,+55 11 6280-1651
Costela - EI,MA,+55 71 2863-2311
Moura e Filhos,PB,+55 (061) 6609-3827
Nunes S/A,MS,11 8389-0405
Cardoso,RO,+55 (041) 2836 3351
Cunha Gonçalves e Filhos,PE,(084) 2493-4716
Porto,MA,(084) 1264-1611
Martins - EI,CE,(021) 9893 1416
Moraes - EI,MS,(041) 8801 3494
Rezende,SE,+55 31 8247 7146
Nascimento S/A,BA,(081) 9092-2870
Cardoso S.A.,AM,+55 (084) 3219 9661
Fernandes - ME,PB,51 1160 1991
Santos Ltda.,RS,+55 (041) 8659-5259
Santos,PI,+55 (081) 8569-4771
Pires,MA,71 3501-3092
Rezende S.A.,MG,+55 (081) 5966 8617
Rocha e Filhos,MA,+55 31 8400-0440
Lopes S/A,GO,31 5789-3516
Silveira Almeida e Filhos,ES,(011) 2021 7331
Melo,SE,51 1666 0222
da Cunha S.A.,SC,(031) 1578 2657
da Rocha,MG,(081) 0446-5931
Almeida S.A.,AC,+55 21 0986 2809
Ferreira,DF,+55 (021) 2818-4625
Aragão - ME,GO,+55 (051) 8417 0979
da Cruz S/A,AM,(081) 5743 8228
Pinto,ES,(081) 5321-7043
Sales Novaes - ME,PE,51 1534 7653
Vieira,RS,+55 (021) 8441 3734
Dias Aragão - EI,SE,+55 81 7551-3517
Lopes S/A,SC,+55 (071) 1465 2155
da Cruz Ltda.,MA,61 1643 4161
Gomes Nunes e Filhos,TO,(021) 0625-1620
Gomes da Cunha S.A.,ES,(031) 4873-6494
Carvalho Pires S.A.,RR,+55 11 8585-1414
Almeida Nogueira S.A.,RN,0800-498-7376
da Rosa Nunes e Filhos,SE,31 7766 6060
Silveira S.A.,SC,(011) 7740 8351
Oliveira,SC,0900-441-0720
Dias Costela - EI,RN,0800-590-4993
Correia e Filhos,PE,0500 927 0310
Pinto e Filhos,PA,11 0777-9544
da Luz Pires e Filhos,AC,11 5187 4934
Oliveira Farias S.A.,RR,+55 (031) 6755-6899
Sales,MG,71 1356-5577
Costa Ltda.,BA,+55 (021) 4054-9210
Oliveira da Cunha S.A.,PE,(084) 3211 5690
Castro - EI,ES,+55 (081) 7982-6340
Campos S.A.,MG,61 5863 7926
Rocha - EI,MA,(051) 0776 7734
Duarte e Filhos,SE,+55 (084) 7878-1583
Moreira,PE,0800 528 3515
da Costa,SP,84 4102 4165
Melo,PR,(081) 7938 4897
da Paz Pereira e Filhos,RS,(081) 3268-0203
Barbosa Aragão - ME,AL,0900 327 2374
da Cruz Ltda.,MA,+55 81 0386-6195
Nogueira,PB,41 9726 8517
Oliveira - ME,PB,61 1528-0595
Teixeira,GO,31 4095-1945
Pereira S.A.,RN,21 4096-3547
Peixoto Rodrigues Ltda.,MG,(041) 1189-9409
Monteiro e Filhos,MT,+55 (081) 6848 6201
Campos S.A.,CE,+55 41 7973-6280
da Rosa,MT,51 5406 4535
Oliveira S/A,SC,+55 31 4493-4657
Silveira - EI,GO,0800 700 3385
Lima,GO,+55 (081) 4543-0990
Costela Ltda.,PR,+55 31 6082 2677
Cardoso e Filhos,MA,(011) 6755 7094
Lima,BA,+55 (081) 1624 1759
Azevedo,PB,+55 71 8884-6143
Ribeiro,AC,11 7473-3305
da Luz - ME,RJ,(081) 3431-4150
Gomes,SP,(061) 6501 7324
da Luz,RJ,61 9223 1693
Fogaça Fernandes S.A.,AL,(031) 5914-8246
da Rosa,ES,+55 11 5705-9514
da Rocha S/A,MA,+55 (071) 4763-2647
da Cruz - ME,BA,+55 (051) 3710 1764
das Neves,SP,+55 (084) 0105-8066
da Cruz,SC,+55 61 5962 7398
Duarte S/A,DF,(061) 1034 9595
Viana Moura Ltda.,GO,+55 81 9579-1783
Cunha da Rosa - EI,MS,0500-374-1308
Campos Gomes - ME,AP,+55 (011) 8577 2639
Castro,MA,+55 21 3854 7857
Peixoto,DF,+55 11 0650-0775
das Neves e Filhos,PI,+55 81 4784-9045
Ramos,RJ,31 5414-5558
da Mota,PE,+55 11 3718-2322
Carvalho Moraes - ME,BA,+55 84 1154 9724
Castro Fogaça e Filhos,AC,61 0538-2470
Viana,SP,31 1509-0527
Novaes,AC,81 7559-1701
da Cunha - EI,PR,0900-390-3546
Moura e Filhos,MS,(021) 2541-0357
Freitas,PR,+55 (031) 1778-2341
Nunes,PA,+55 71 2632-6349
Cunha - ME,TO,+55 (051) 2104-0750
Oliveira,MG,+55 (011) 0274 4067
Vieira S/A,BA,+55 11 7012 2883
Nunes e Filhos,BA,+55 41 1616-3499
Barbosa das Neves - ME,AC,+55 (081) 5054-5864
Dias Aragão Ltda.,ES,(031) 6465 2884
Caldeira,RJ,+55 (031) 8036 9042
Cavalcanti Nascimento Ltda.,RS,+55 41 7496-3448
da Rosa,PI,(081) 9786 0389
Pires Ltda.,PR,+55 (011) 2246 1700
Santos,ES,+55 (081) 0280-5620
Cavalcanti da Costa - ME,MT,41 7901-6419
das Neves,RR,+55 (081) 5068 0608
Costela,DF,+55 (051) 6793 0328
Peixoto,RN,11 5075 3010
da Luz Almeida S.A.,MG,(021) 8446 0931
Martins das Neves Ltda.,AM,+55 31 6803 0888
Cardoso Cavalcanti S/A,PB,+55 21 3728-1065
Lopes Viana - EI,AM,0800 332 7086
Rodrigues,ES,71 7541-2368
Lima,RO,+55 51 2659 9735
Lima,AC,31 6012 5836
Souza da Mota e Filhos,SP,84 1512 2286
Viana e Filhos,SC,+55 (051) 8781-5776
Araújo,MG,+55 31 6155 9078
Duarte - ME,SP,51 4185 9624
Pinto Teixeira e Filhos,SE,71 7387-7871
Almeida Pires - EI,PA,+55 81 1028-8970
Teixeira e Filhos,SE,+55 11 0718-9165
Santos Cardoso e Filhos,SP,0500 433 2528
Lima,MS,(031) 5861-2395
Farias Nogueira Ltda.,AC,71 3518-3705
Almeida,PB,+55 31 1135-1079
Ribeiro da Rocha e Filhos,PE,(071) 8263-7067
Pereira,SP,+55 61 8741-6043
da Costa - ME,SE,+55 (011) 6985 6034
Duarte,PB,+55 (051) 5244-0117
Azevedo,PR,0900-975-5074
Souza Costa - EI,MA,+55 11 3180-1946
Ferreira da Costa - EI,AL,(041) 8872 8587
Nunes,RS,84 3883-9537
Vieira S.A.,PR,+55 71 2886-6369
Rocha,MA,(031) 1341-7445
Alves,AC,(041) 5974 3871
da Conceição Dias S.A.,RN,21 4923 7868
Martins Ltda.,SE,+55 51 7744 3807
Ferreira,MG,0500 759 2010
Silva,SP,+55 11 0176 7599
Novaes,RO,+55 (084) 3735 1287
da Cruz,CE,+55 (041) 8524 0933
Nogueira Moraes S.A.,MG,+55 (071) 1186-2775
da Mata,RS,+55 41 2236 7324
Monteiro,PB,31 3022-2548
Silveira Oliveira - ME,CE,+55 (051) 1454 2965
Santos - EI,CE,+55 (084) 2812-4495
Rezende Ltda.,MS,+55 11 4178 4031
Costela e Filhos,RJ,21 0464 6355
da Mata Ltda.,PB,+55 (041) 1949-7689
Ferreira,AM,21 1969-1104
da Cunha - EI,PB,+55 81 1501 9737
Alves,SC,61 4399 6069
Rocha Ferreira Ltda.,RS,(071) 8552 0144
Moraes,MS,+55 (084) 5895-7788
Barros Lopes - EI,PE,+55 41 2619-7016
Melo Freitas - EI,MA,+55 81 5882-9116
Castro Silva S.A.,BA,+55 21 9922 6944
Novaes - EI,BA,+55 21 2228 9126
Caldeira,PI,(084) 6598-1608
Gomes e Filhos,RJ,71 3380-2830
Novaes S/A,PB,0500-812-3021
Rocha,MA,+55 (071) 1422 7566
da Cruz S/A,ES,(071) 6402 1336
Vieira,RJ,11 2790 2416
Martins Rezende - EI,DF,+55 84 1616 9380
Pereira,RR,+55 (051) 9710 3149
Aragão Pires - ME,PR,+55 (031) 8796-2730
Barbosa Ltda.,TO,51 0662 8071
Azevedo,MS,+55 81 5713 6254
Freitas,RR,(051) 6730 6684
Pinto Freitas e Filhos,PI,61 0060-2192
Moreira,BA,41 7718-6971
Peixoto - EI,GO,+55 11 5985 6824
Moura,MA,41 8742 6249
Rezende Freitas S.A.,PE,+55 (061) 2792-4470
da Cruz S/A,CE,(031) 5080 9408
Lima,RR,+55 (084) 1174-1065
Rezende e Filhos,MA,(051) 7678-6698
Rodrigues Cavalcanti - ME,CE,+55 84 4646-8771
Aragão Ltda.,PI,0800-195-9065
Lima da Conceição - EI,PB,71 1924 6074
Silva Barros - ME,RN,+55 (031) 6074 3960
Moreira S/A,PI,+55 (031) 2379-6470
da Mota,CE,0800 955 9119
Fogaça,PI,41 8254 2607
Azevedo S.A.,AL,0300-837-7820
da Mota,CE,(021) 9853-2168
Duarte,PA,+55 (011) 8519 5463
Pires S/A,DF,+55 (071) 4236-2853
da Conceição,PR,31 7036-3426
da Costa,ES,+55 (011) 1356-1923
Ribeiro,ES,+55 61 4510 0024
Melo e Filhos,SP,0500 505 9327
Souza S/A,RR,+55 21 6038 7027
Fogaça,MS,71 6305-2286
da Costa - EI,MS,(084) 9265-9348
Pinto e Filhos,PE,(021) 5017 4200
Sales,AM,+55 (081) 9486-8274
Lima - ME,RN,21 5952-5381
Ramos Pereira Ltda.,MT,84 7895-1798
Jesus Castro S/A,MS,0900-833-3533
Monteiro Monteiro S.A.,AL,51 5620 0739
da Mota,DF,31 5530-3021
Castro,MG,+55 (041) 5759 9576
Cardoso - ME,PR,(021) 7834-5212
Gonçalves Teixeira - ME,AM,51 7100 4738
Souza S.A.,ES,(031) 8847-5803
Nunes e Filhos,MG,(061) 1021 5260
Ramos Pinto e Filhos,RO,0300-734-8365
Carvalho - EI,AP,0300-749-8978
Pinto,MT,+55 61 6985-3822
Souza - EI,MS,+55 (041) 2478 5757
das Neves Mendes - EI,SC,+55 71 9863 8874
Rocha Ramos - ME,AL,+55 (081) 7553-3924
Dias,MA,51 6679 1850
Dias,MA,0900 387 0027
Melo S.A.,PB,(041) 2086-7453
Ribeiro Pinto - EI,CE,(081) 0200 8680
da Luz - ME,PI,+55 51 8868 7992
da Mata,PB,+55 84 4843 8063
Melo - ME,BA,0300 328 3075
Martins,GO,0800-952-2186
Azevedo S.A.,PA,+55 (011) 2566-8651
da Conceição - ME,RS,+55 (084) 3482 5349
Moura,PR,+55 21 1826-1655
da Costa,RJ,21 2597-5336
Freitas Lima S.A.,RN,+55 (031) 3240 9317
Cavalcanti,CE,+55 61 5048-4166
da Mota,RR,0900-490-7611
da Rosa Costela Ltda.,MA,+55 31 2874-7543
Costela,PA,11 7206 4635
Nascimento - ME,RR,+55 61 2536 2503
Gomes,MG,11 1510-0986
Dias e Filhos,RR,(081) 4412-6945
Moura,ES,0300-115-2131
Moreira,MG,+55 (061) 2666 2849
Moreira,MT,71 4882-2436
Fernandes Alves - EI,MA,+55 (011) 6773 2588
da Mota S.A.,AM,31 2175-8642
Viana,AP,81 7723 3719
Mendes - ME,SE,84 7003 4422
Monteiro,CE,+55 71 7855-0376
Aragão S.A.,SC,0800 361 9255
Aragão Souza S.A.,MT,84 4739 7145
Pereira Azevedo S.A.,SC,21 2979-3052
Rocha S/A,AP,(084) 0247-7875
Lima,TO,(081) 2314-0608
Pinto,MA,+55 31 5854-8509
Souza,SE,+55 (061) 0491-2168
Dias Ltda.,AP,(081) 5473-1379
Sales Costela S.A.,PA,+55 (011) 8121-0484
Fogaça S.A.,DF,(081) 0767-8617
Campos,SC,81 0913-2213
Barbosa Pinto Ltda.,AC,+55 71 2142 1347
Vieira Mendes Ltda.,TO,+55 71 1291-7159
Silveira,AP,31 9241 2163
Castro,RN,0300 781 4500
da Rocha,PE,(041) 5780-4982
Ramos,AL,+55 (041) 7259-9594
Fernandes,TO,0900-561-5675
Pereira,AC,+55 (061) 0417 1242
da Costa,AL,+55 61 0632 3247
Costa Ltda.,SE,(051) 7198-4065
da Cruz,SE,51 3784 1296
Costa S.A.,PB,0900-812-7468
Viana Costa - ME,PE,31 0636-7304
Cardoso - ME,RR,0300-931-4872
Lopes Cardoso S.A.,AC,11 3260-9344
Mendes S/A,ES,11 1277 0605
Cunha,MG,+55 (061) 0002-7881
Vieira,SE,+55 (021) 8898 6206
Rocha,RS,(011) 0641-5108
Azevedo Oliveira S.A.,TO,(021) 6942-5263
Pires,RS,+55 31 2232 8097
Martins,SC,+55 71 0957-8448
Jesus Ltda.,CE,(031) 1249 6957
Carvalho,AC,21 9948 1269
Barbosa Porto S.A.,SC,(011) 4327-8825
Novaes da Cruz S.A.,SC,+55 (071) 0562 0107
Sales,MS,+55 (051) 8869 2652
Correia - EI,GO,0300-515-4864
Carvalho Moreira S/A,BA,0800-679-0681
Ferreira,PA,0800 234 5190
Fernandes Duarte S/A,AP,0900 465 4887
Nogueira Sales e Filhos,ES,(081) 1707 5286
Almeida,AC,+55 81 8071-5362
da Mata,PA,(041) 8741-4779
Viana S.A.,MG,+55 (011) 7162-3730
Peixoto da Conceição - EI,MT,(051) 4658-3577
Porto Ramos Ltda.,AL,0800 626 3402
Gonçalves,TO,84 7957-0081
Araújo,SP,+55 81 1849-2559
Carvalho Nogueira Ltda.,PA,+55 11 0170-6525
Rezende Ltda.,TO,0800-569-6675
Dias,MT,+55 71 2497 0268
Viana,CE,+55 (084) 0831 4152
Costa,PB,21 4878 0913
Duarte Vieira S.A.,ES,61 6452-6885
Melo Cardoso - EI,RO,(081) 5173-9209
da Cunha,DF,(081) 5581-2263
Lopes,GO,51 7883 6896
Moreira Moura Ltda.,AC,+55 (011) 2830 4434
da Mota,AM,+55 51 0732 0366
Rocha - EI,MT,31 4557-6394
Melo S/A,AC,21 5285-2973
Vieira,GO,31 0709 9522
Cardoso Rezende - EI,MT,+55 (061) 4492 4166
Nogueira,RR,+55 (051) 1290 1968
da Costa,RJ,+55 (071) 3761-4387
Aragão Castro - ME,SP,(084) 0773 7809
Rocha - EI,AM,71 3026-3297
da Mota Araújo - ME,SE,+55 (041) 7663-3248
da Rosa da Rocha S/A,AP,(031) 5579-7860
Pinto Farias e Filhos,MS,+55 61 7738 9896
Azevedo,RS,81 5088-8832
Carvalho,TO,+55 41 0643-0685
Campos Caldeira S.A.,RJ,0900-515-7967
da Mota,PB,+55 61 9677-1988
Azevedo,SP,+55 (051) 3083 0059
Farias Costa - ME,AP,+55 (061) 6126-0627
Castro Rocha e Filhos,PA,(084) 2983-8306
Caldeira,TO,41 2901-6241
Pinto,MS,+55 (084) 5643 1280
Teixeira,GO,+55 (041) 0865-7350
Oliveira,DF,+55 (031) 8694 8696
Rocha Melo - ME,MG,+55 21 0409-0549
Mendes Ltda.,MS,+55 11 2685 2377
Castro,AP,+55 41 9100-4423
Fogaça S.A.,MS,(061) 0915-8438
Correia,CE,71 8300-3955
Oliveira,SC,(041) 3875-8809
Melo Jesus S/A,ES,11 5331-2796
da Luz das Neves S.A.,PB,(031) 8767-3811
Fernandes,PE,+55 (081) 7326 8884
Vieira,ES,(084) 1879 7664
Gonçalves Melo S/A,AM,(071) 4566 6695
Nogueira,PA,(071) 1398-9310
da Luz,ES,+55 (031) 8991-2836
Cardoso,RJ,+55 (031) 0004 3240
Cardoso,PE,0900 443 8514
da Rocha,RO,+55 71 8135-0309
Dias - EI,PB,+55 (011) 1717 9384
Silva e Filhos,MS,0300 359 2466
Teixeira Farias Ltda.,RS,+55 71 6409 4606
Martins,MT,61 0210-2853
Barbosa - ME,MA,81 0150-3799
Azevedo S.A.,SE,81 5452-6934
da Luz Martins - ME,AP,+55 61 4173-9955
da Cruz Farias S/A,MS,+55 41 8476-1016
Freitas,RR,81 0250 8232
Oliveira,PA,+55 11 4561-5142
Lopes,ES,21 4443-6188
da Cunha,DF,+55 81 2861 0033
Oliveira e Filhos,RO,+55 61 3881 5030
Martins,PR,41 7436 5805
da Cruz,AM,31 8690-4268
Dias,MS,+55 (071) 2498-0881
Gonçalves,PR,71 2427-3431
Lima,AM,(041) 3148 0953
das Neves,PR,+55 (061) 9971-1046
Novaes,AC,(084) 7044-8258
Souza,MA,11 2556-3628
Novaes S.A.,AP,0500-024-2300
Farias da Conceição e Filhos,MS,41 9692-3557
Azevedo,PE,0300 678 7306
Santos,TO,+55 81 9785-6569
Nunes,RS,0900 862 7383
Vieira Ltda.,PE,81 2928 1057
Aragão S/A,PE,(011) 5066-9029
Duarte,AC,51 9311 5794
Farias Melo e Filhos,CE,+55 31 4344 8466
Barros Carvalho - ME,AM,+55 (084) 6833-1460
Lopes,PR,0500 146 5559
das Neves,MT,+55 (021) 3142 0331
Gomes - EI,AC,81 2999 4687
Azevedo Ribeiro S/A,MS,(011) 3093 2139
Pinto,CE,+55 51 2485 4411
Costela,CE,(041) 2743-7113
Freitas,PB,+55 (051) 7265-7909
Barbosa,SE,51 0929 6403
Araújo,RJ,0800-754-7166
da Mota,PI,+55 (061) 4560-7291
Pires das Neves Ltda.,RJ,61 3437 0516
Aragão S.A.,RN,+55 81 4888 5162
Correia,SE,0900 027 8057
Carvalho,SC,+55 51 4637 3461
Moreira,SP,+55 (084) 8246 7849
da Mata,BA,0800-673-0629
Souza,AC,0500 157 5276
Lima S.A.,AL,(061) 4818 2513
Ferreira,RS,+55 (031) 5904-4453
Souza,ES,+55 84 3203-3391
Moura,MS,71 8821 5854
Costela da Mota S.A.,RN,(041) 7006-5828
Cavalcanti,MT,(061) 6231-6224
Duarte,MG,(021) 1101 8742
Farias,DF,+55 11 8785 1505
da Cunha Silveira Ltda.,PA,11 3286-8964
Vieira,RR,(021) 6546 8618
Correia Costela - EI,CE,(071) 9639-6246
da Cunha,CE,+55 (031) 7899-1167
Cardoso,AL,(021) 8037 7256
Araújo - ME,SC,0900 668 6487
Souza Moura e Filhos,AM,31 6491-8653
Aragão - EI,SE,(051) 3467 0448
Pires,PE,+55 (021) 9257-9725
Moreira,AP,+55 (061) 7280-5479
da Cruz S.A.,PR,+55 (071) 2468-4648
Santos Freitas S.A.,RR,(081) 6253-3117
Melo,RO,+55 (084) 6461-4146
Sales,PE,51 6028 8258
da Mota Ltda.,SC,+55 (041) 9379-7913
Duarte,MA,+55 (031) 3058-7789
Pereira Jesus S/A,BA,(061) 1752-4335
Barros,AM,(061) 7327-9126
Almeida,RS,51 1164 1899
Cardoso,SC,+55 (081) 6421 7622
Freitas Jesus - ME,AC,(061) 9475-7202
Melo,PA,+55 (061) 6231 1188
Rodrigues,PI,(021) 2172 0307
Rodrigues Ramos - ME,AM,21 5988 2194
Pires,RR,71 4188 4172
Carvalho Nunes - ME,AM,(011) 1994 8316
Almeida,PR,+55 (021) 7755-3910
Vieira e Filhos,DF,11 0420 1659
Caldeira Pires e Filhos,AM,0300 125 5218
das Neves e Filhos,PA,+55 (081) 1708 6777
Teixeira Martins S/A,RO,41 4357 7871
da Rocha - ME,ES,41 5254 8500
Costa,AL,61 5610 6117
Almeida,PA,(031) 7392 5712
Martins,MG,(031) 6013-0286
Costa S/A,PE,(061) 6348-1191
Campos,AC,31 1520-0066
Costela,AL,+55 (084) 3259 0736
Sales S.A.,RN,0900 725 2840
da Luz,PB,0800-851-5541
Cunha,SP,(071) 2379 1288
Jesus Barros - ME,RJ,51 6297 1142
Martins,RO,(071) 3059-3407
da Luz - EI,PB,+55 31 6637-2809
Cardoso,ES,+55 (071) 2070 4834
Correia - EI,CE,(031) 0362 6583
Lima S/A,AM,31 5891-2314
Fogaça,SE,+55 71 4779-6483
Porto e Filhos,PA,+55 61 6894 8013
Novaes Ferreira - ME,RO,31 2508-0912
Mendes Santos - EI,PA,81 0261-1960
Pereira Ltda.,TO,+55 84 5811 9380
Cavalcanti - ME,MA,+55 41 7020-4529
Ferreira - EI,MT,+55 41 6303-3565
Gomes S/A,SP,+55 (061) 5027 3753
Cardoso - EI,GO,+55 (061) 9696 7221
Ferreira S/A,MA,31 3537 2830
Alves Nascimento - ME,AC,0300-570-4201
Nascimento,DF,+55 (041) 5799 1962
Lima Porto e Filhos,BA,51 6635 3273
Barbosa S/A,CE,(031) 0260 9542
Freitas S.A.,ES,+55 71 2295 3548
da Luz,MG,+55 84 6143-6662
Santos,RS,+55 (084) 4288-6257
Freitas - EI,RJ,+55 (021) 6884 8997
Cavalcanti,RN,+55 (071) 2041 1755
Nascimento Ltda.,RJ,(011) 5302 8339
Almeida,MG,61 5541-8035
Oliveira,MG,+55 84 6629 0525
Ramos,SE,0300-936-9309
Lima,PR,+55 (061) 0850 3132
Campos Oliveira - EI,RJ,+55 (081) 3996-6097
Moreira,PB,+55 31 0496-2381
da Luz - EI,RJ,0300 224 3402
Viana,RS,0500-827-6040
Pinto - ME,AP,0900-712-0319
da Conceição Ltda.,AP,+55 (011) 3723 4281
das Neves e Filhos,ES,(041) 9565 7520
Pires,MG,+55 (021) 5326-3727
Gonçalves,RR,(084) 8615-9247
Barbosa Pires S.A.,MG,+55 31 0942 7364
Pinto,CE,+55 (071) 1516 2390
Nogueira,SP,31 9785-5667
Pinto,CE,(061) 7785-5094
Alves,PI,+55 (041) 2653 5508
Correia S/A,RS,41 4525 7623
Farias,AC,+55 84 7542-9610
Pinto,MA,+55 71 6434 2479
Pinto S.A.,RJ,+55 84 6872-7065
Monteiro S.A.,SC,+55 (061) 0669 9525
Campos,RS,+55 61 5393 8384
Caldeira Pires S/A,DF,+55 (041) 0909 6949
Cavalcanti - ME,PE,+55 71 3048-5055
Rocha Santos e Filhos,DF,(041) 6530-4935
Nogueira,TO,(021) 3383-5066
das Neves,RN,+55 (011) 7333 3372
Almeida,DF,(061) 3143 4045
Lima Gomes e Filhos,BA,+55 11 7612-1888
Silveira S.A.,DF,(011) 7861 9023
Pinto,AC,+55 84 8749-1566
Pires,MS,81 6968-1785
Peixoto,PA,+55 84 2641-1708
da Mata,AP,(081) 3699-9162
Nogueira da Cunha Ltda.,PI,+55 (081) 0803-6027
Pereira Monteiro e Filhos,MG,(081) 0818-5959
Nogueira,MA,+55 81 1474-8301
Novaes - ME,PE,+55 71 6789 2152
da Rocha Ferreira Ltda.,CE,71 4665-5961
da Mata,MS,+55 51 5102 1147
Souza,SC,21 0806-9798
das Neves,RN,+55 11 4704 1453
Araújo,RR,+55 31 1765 7065
Ribeiro Mendes - ME,SP,51 6866 6879
da Luz,BA,+55 21 4343-6350
Moraes S/A,AL,+55 (021) 3229 5345
Fogaça,MS,+55 31 1010-1690
Barros Mendes - EI,RJ,(051) 1463 1669
Peixoto,PB,+55 11 3895-3831
Rocha,RJ,+55 (081) 0713-2255
da Rosa e Filhos,AM,+55 71 7477 0752
Nunes - EI,PR,+55 (081) 9324 8482
da Luz Fogaça S/A,MT,0300-877-0744
Ribeiro da Conceição - ME,PA,61 8305 8040
Nogueira,AM,84 2245 7358
Pires - EI,RS,(021) 2799 6716
Teixeira S/A,PI,(084) 1412-8680
Campos,MG,+55 41 3969 6324
Pires,PR,0500 457 6853
Freitas,AM,0800-089-8583
Dias,SC,(071) 4327-9324
Cavalcanti e Filhos,PE,61 4956 1719
Martins Fogaça e Filhos,AP,31 7938-4818
Ramos - ME,SE,+55 (081) 4357-8306
Pires,RN,+55 51 1945 7509
Vieira Cardoso Ltda.,AM,(084) 3945 6630
Peixoto da Rocha Ltda.,AL,+55 31 7485 6400
Barbosa,GO,+55 (041) 7666-2507
da Mata,TO,61 7178-1298
Castro Barros Ltda.,PR,+55 (081) 4654 8360
Cardoso - ME,CE,+55 84 0678 0184
Gonçalves da Paz S/A,RN,+55 81 0489 7655
da Mota Alves S.A.,GO,(021) 3548 6668
Caldeira,MS,0500-466-1456
Silva - ME,RO,+55 (071) 7214-1514
Mendes e Filhos,RS,84 4632-3153
Castro Cardoso S/A,MG,(084) 9133-3816
Rezende Ltda.,PA,51 8910 7986
Rodrigues da Conceição S.A.,PR,(084) 5815-7929
Cavalcanti,BA,+55 (084) 0497 8246
Correia Ltda.,BA,61 3013 3331
Castro,AM,(071) 1913 9090
da Rocha,BA,+55 (011) 0018 4487
Alves Monteiro - ME,CE,+55 (071) 2940-2671
Silva Viana - ME,AP,41 8892-8380
Ramos,GO,+55 (071) 3389-2286
Pinto,ES,+55 21 0834-3728
Caldeira,MS,0900-701-8969
da Mata Mendes - ME,GO,(031) 2857-3963
Cavalcanti,PB,+55 11 3396 5464
da Luz,SP,+55 (061) 4864-7521
Oliveira,MG,+55 21 1138-6415
Teixeira Ferreira - EI,RJ,+55 61 5951 2486
Freitas - EI,BA,+55 (051) 1057 7651
Novaes Barros S.A.,MS,0500-843-4979
Carvalho Cavalcanti - ME,SC,(071) 7262-8860
Alves S.A.,RN,31 7132 0222
Silveira S/A,MA,+55 11 1883-3638
Santos,PE,41 6214-5229
Cardoso,GO,(061) 5887-9434
Ramos e Filhos,AM,+55 (081) 2280-9028
Monteiro S.A.,AL,31 3637-2809
Alves,SC,+55 (051) 2310-5998
Rodrigues,TO,0800-678-8410
da Conceição Araújo S/A,MS,11 4900 2942
Ramos,MT,+55 (031) 7909 9350
Rezende,PI,+55 41 8143 1060
Costa e Filhos,CE,0900 823 4000
Duarte S/A,MS,0500 419 8999
Cardoso da Rocha S.A.,BA,51 4976 1587
Ramos da Conceição - EI,PB,(084) 1094 2036
Gonçalves,TO,+55 (031) 2033 8062
Campos - ME,RR,(071) 7812 5652
Alves,MT,0500-442-3366
Costela Sales S.A.,PR,(051) 3421 5679
Farias Vieira S.A.,GO,84 3243 6355
Cavalcanti - EI,PI,(071) 7693 4130
Teixeira,SE,(011) 0456 0253
Aragão,TO,+55 11 7087-8247
Cardoso,AM,+55 (031) 6464 5487
Monteiro S/A,RO,81 3159 0888
Barros,ES,(061) 3103-8165
Azevedo - EI,AC,41 8297 2599
Porto,RN,+55 31 7712-9682
Caldeira - ME,CE,(081) 4558 0742
da Cruz Campos e Filhos,PE,(071) 7810-9004
Rodrigues,MS,+55 11 3977-2112
Fogaça,RR,(031) 2974-1479
Nogueira e Filhos,PR,21 4399-5524
Vieira Ribeiro S.A.,BA,31 0612 2459
Rodrigues,GO,+55 21 7615-4891
Silva S.A.,DF,71 9670 5054
Melo,SP,0800 019 5888
Aragão Freitas S.A.,MG,+55 51 1824 2275
Silveira Porto S.A.,AP,+55 31 0198 5593
da Cruz - EI,MS,+55 51 1303 4263
Silveira,RS,+55 (081) 5347-5520
da Costa Cunha Ltda.,PI,31 0191-9089
Monteiro,AP,+55 (071) 6637 8662
Silva,BA,81 5592 4841
Moura Almeida S/A,PE,+55 (031) 5578-4231
Souza,GO,(021) 3137 9146
Cardoso,AP,+55 (041) 9642-7284
Azevedo,CE,31 5898-2955
Farias e Filhos,MS,+55 51 4664 6686
Duarte Duarte S/A,TO,(011) 5082-4525
da Costa Rocha e Filhos,DF,0300 801 9436
Moraes,BA,+55 71 3991 6747
Ribeiro,TO,0900 476 7182
Fernandes,PR,+55 41 6314-7800
Oliveira,RR,+55 81 0619 9117
Carvalho,PB,+55 (031) 7017 5607
Nunes,MS,+55 81 0932 9824
Fogaça,PI,+55 (011) 3110 9678
Monteiro,SC,+55 (051) 4251 1016
Azevedo,RS,21 6351 0532
Jesus,AL,+55 (061) 9403-2907
Martins - ME,ES,(081) 2807 1426
Nascimento,PE,0900 307 5352
Ferreira,TO,+55 31 8021-9893
Cavalcanti Cavalcanti S/A,AL,+55 (051) 2245 0576
Azevedo Peixoto S/A,RR,61 9846 5700
Duarte Araújo S.A.,RO,+55 61 1099-6719
Gonçalves Ltda.,AC,31 0869 5568
Fernandes e Filhos,MT,81 9835 2687
Peixoto,MS,+55 11 9847-9629
Rocha S/A,CE,(081) 1398 9640
da Luz,PI,(071) 9500 2557
Castro,PI,61 6749-1058
Pires,RS,(011) 6135 2638
Porto,RS,0500 496 9312
Cavalcanti e Filhos,RJ,61 8886-7901
Mendes Teixeira e Filhos,RN,+55 (041) 2734-3987
Rocha,GO,+55 (011) 7787-0601
Cardoso,PA,+55 71 3541-9623
Teixeira - ME,PB,+55 21 9698-2749
da Conceição - EI,CE,+55 (051) 3105 4341
Pires,ES,(021) 6259 8563
Silva,MA,31 9164 9685
Duarte Barbosa e Filhos,TO,+55 21 8262-8706
Costa Carvalho e Filhos,CE,11 7762-8187
Cardoso,RJ,(021) 9237-3572
Fogaça - EI,MS,81 1944 3999
Campos e Filhos,SE,+55 (011) 1101-5691
Novaes Lopes - ME,RS,+55 (021) 3461-2004
Gomes,MT,21 8472-7223
Nascimento - EI,AL,+55 (081) 2548 6343
da Conceição - EI,SE,(071) 7787 5378
Barros Ltda.,PI,0300-748-0788
Pires,RS,+55 11 5704 1273
Cunha,RO,(061) 2412-0859
Gonçalves,AL,(084) 3464-8089
Nunes S.A.,TO,11 9467-7379
Pinto Peixoto - EI,RS,+55 (051) 2774 7012
Moraes Pires S.A.,MA,21 9271 7227
da Luz Jesus - EI,AC,(011) 1183-8311
Costa S.A.,PB,+55 81 3707 2919
Monteiro,RR,(051) 5613 8330
Costela Dias - EI,GO,+55 (061) 2888-8658
Silveira Dias S.A.,PA,61 6150 8713
Campos Martins S/A,AP,21 0452-0204
Novaes Dias S/A,RN,+55 (071) 0793-8891
Melo,TO,+55 31 3995 9405
Pires Barbosa - ME,PR,11 7758 2817
Souza,RN,(084) 9676 6342
Vieira Peixoto S.A.,SC,+55 (081) 9683 3635
Peixoto Ltda.,RN,21 3037-8854
Cardoso Melo S/A,RN,71 0440 4921
Castro,SP,+55 84 6527-4085
Rezende S.A.,PR,+55 (021) 9271 0733
Azevedo,PA,+55 (051) 2519 3218
da Mota Novaes e Filhos,RN,+55 (031) 4096 3641
Cardoso - ME,RJ,61 2805-0760
Cardoso,RJ,+55 41 8339 4003
Rezende - EI,AM,+55 (081) 2019-1418
Campos Ltda.,MG,+55 (021) 4151-1092
da Mota,GO,+55 31 0125-5749
da Costa Cardoso - ME,RR,+55 81 2710-7949
Farias e Filhos,CE,81 8281 3123
Carvalho Ltda.,SP,+55 (021) 3379-9116
Alves Moreira Ltda.,PE,+55 (061) 4175 3421
da Paz S.A.,MG,71 3575-1131
Lima - ME,AM,(031) 4277 1093
Almeida - EI,AP,(021) 0336 0542
Teixeira,ES,+55 (031) 8761-8560
Gonçalves Jesus Ltda.,MG,0500 125 7421
Novaes e Filhos,RJ,51 3503 5190
Barros,RR,(041) 6055 3038
Monteiro,SC,+55 51 1615 3548
Martins,MG,+55 (081) 3942 5191
Gonçalves Cavalcanti - EI,MA,0900 586 9259
Gomes,AM,+55 (084) 6394 0593
Dias,AP,+55 11 5568 9867
Barros S/A,RJ,(084) 8784-8952
da Rocha Teixeira S/A,RS,41 0359-2224
Sales,RS,21 9607-1066
Lima da Conceição S.A.,PR,51 4644 1630
Gomes,RO,+55 71 9173 4997
Moraes,PE,+55 (041) 1808-1707
da Rocha Barros Ltda.,PR,11 1566 7738
Ribeiro,PB,0300-129-0520
Duarte,TO,(031) 8647 1151
Araújo,MS,+55 (051) 3784 6704
Costa,AC,+55 21 2316 1688
Silva Aragão Ltda.,RJ,+55 61 7496 2585
Castro,GO,(051) 5760 6205
da Rosa,RJ,84 2787-3578
da Paz Lima Ltda.,RN,0900-559-3464
Farias,MS,+55 21 7787 2860
Teixeira e Filhos,BA,+55 (081) 4179 6391
Ribeiro,SP,+55 61 4851-0276
Jesus,ES,51 1678 2520
Araújo Nogueira S/A,AC,+55 (051) 2832 6902
Costela,RS,(041) 9757-7530
Duarte,RJ,41 4247-9506
Farias Aragão Ltda.,CE,21 2620 1966
Freitas - ME,BA,(051) 3856-2473
Melo,MG,0500-924-3487
Silva - EI,SC,(041) 7176 6528
Silveira e Filhos,PB,31 2566-8009
Sales,MG,(051) 4804-1027
da Mata,MA,0800 830 4483
Melo,GO,+55 84 9685-2339
Silva - EI,AC,+55 51 2173 6932
Pereira Ltda.,PE,+55 (051) 2336 9575
Silveira,BA,+55 21 3760 8733
da Cruz - EI,ES,0300 579 2749
Araújo,AL,+55 (051) 7317-7573
da Paz,RN,(021) 6623-4245
Dias Campos Ltda.,AL,71 9439-8654
Martins Ltda.,PA,+55 (084) 6492 5484
Rezende Moreira e Filhos,RR,+55 (031) 2699-1283
Lopes,AM,+55 51 9125 2317
Correia S.A.,PR,(021) 8205-4702
Ferreira - ME,GO,11 4373 6718
Caldeira e Filhos,MT,+55 (011) 1431-9023
Fernandes,DF,(081) 7141-9134
da Cunha Peixoto - EI,PI,(011) 0681 9450
Moreira S.A.,SC,+55 84 7902-6456
Rodrigues S/A,MA,41 5858 4710
Mendes,MT,(021) 2505 8070
Costa Costela e Filhos,GO,(071) 7515 7607
da Luz Moraes S/A,AM,+55 (084) 3274 4837
da Luz Castro S.A.,RJ,61 6619-5828
Caldeira,AC,+55 21 6147 9974
Castro,MT,81 2061-6893
Cardoso,SP,(071) 1013 5969
Cavalcanti,PA,81 3670-9059
da Cunha,SP,+55 31 5300-0846
Almeida Ltda.,PE,61 7002 8581
Santos,PA,51 5856 8066
Ferreira,RN,+55 (041) 4059-6283
Almeida,SE,(011) 7732 0764
da Mata das Neves S.A.,RR,(084) 6092-7147
Vieira,RR,+55 (084) 4043-6782
Duarte da Cruz S.A.,DF,81 9191 0562
Ramos Silva S/A,MA,(051) 3312-8878
Teixeira Viana S.A.,RR,+55 41 2402 5536
Pinto S/A,RS,(084) 9109-2666
Pinto S/A,AP,0300 794 0315
Vieira Silva e Filhos,AC,+55 (021) 6587-1511
Santos Almeida S.A.,AP,+55 31 5487-0207
Caldeira S/A,BA,(084) 4861-2344
Martins S/A,PR,+55 61 2322 7449
Barros,SE,(021) 8036 5100
da Cruz,RO,+55 61 4886 4222
Cunha,PI,41 9729 2657
Rezende - ME,BA,(051) 4269-6210
Souza S.A.,MA,71 2051 4136
Cardoso Souza - EI,MA,+55 (041) 8472-8038
Cardoso,RR,+55 41 2489-3352
Rocha,RN,61 0930-2291
Teixeira Farias S.A.,CE,0800 629 1647
Barros,ES,+55 (011) 8003 0416
Almeida,CE,+55 (031) 2272-1846
Nogueira Gonçalves Ltda.,DF,(071) 2619-1017
Lima,MS,71 6013-2776
Teixeira Barros Ltda.,ES,+55 41 6177-5664
da Cruz S/A,MG,+55 51 0402 6176
Pires,RO,(081) 4652 4821
Farias S.A.,BA,0800-732-7006
Teixeira,DF,+55 41 4897 1907
Rezende e Filhos,AP,+55 (081) 4170 0144
Nascimento da Cunha - EI,PR,(061) 6958-6921
da Mota e Filhos,SC,+55 (084) 2013-5317
Ferreira S/A,MG,(011) 9486-7083
Pires Ltda.,PR,0900 908 4777
Aragão S/A,BA,61 6489-3267
Fogaça,AC,+55 81 0299-9241
da Mata e Filhos,PI,+55 61 8868 9989
Rezende - ME,MG,(011) 0673 1751
da Costa,SC,+55 84 8990 4165
Novaes Silveira S.A.,AC,(071) 0714 1852
Cavalcanti Araújo S.A.,GO,(031) 0237 5094
Alves,MG,(084) 7032 2289
Lopes,RJ,(084) 0184-1309
Pinto,SC,+55 (051) 8117-6400
Martins S/A,MG,+55 84 9854 9087
Duarte Pereira S/A,PE,+55 81 2642 0135
Castro - EI,MT,+55 (031) 8446 8487
Barbosa Monteiro - ME,GO,+55 (081) 0660-0553
Ferreira da Cruz S/A,AL,(041) 6882-8421
da Cruz S/A,SE,71 0684-0436
da Conceição S.A.,RJ,+55 (081) 0057 7864
Freitas Ltda.,MA,31 4987 0114
Barros,ES,0300 064 3635
Costa - ME,PR,+55 61 6295-8142
Teixeira,PE,+55 31 5926 4858
Pereira,RR,(084) 5145-2641
Souza,RN,41 3743-0992
Moura Novaes - ME,RN,+55 (011) 5120-7392
Silva - EI,BA,41 3718-8505
Gomes,SC,(084) 9424-1981
Duarte,RS,+55 41 5025-6836
da Costa Campos S/A,RO,(084) 0282 0743
Moraes,MA,(011) 6928-9313
Barros,MG,84 3920 6276
Azevedo,AL,0300-102-4077
da Luz Martins Ltda.,SP,(084) 2691 4033
Santos S.A.,PB,(031) 3049 9837
Rezende,GO,(084) 1020-2278
da Mata - EI,MA,(084) 4223 9131
Aragão,SP,(031) 2614 7498
Moreira,RR,+55 (071) 8363 4724
Ramos Moreira e Filhos,RJ,+55 (031) 1900 3703
Ferreira,PR,61 0518-6923
Pereira,CE,+55 (061) 1246 8060
Araújo,AL,21 0877 5810
da Paz Moraes - EI,DF,71 8272 6000
Fernandes,AM,84 3544 9356
Sales da Paz Ltda.,TO,(031) 5763-0292
Cardoso Melo - ME,MA,+55 (011) 6939 7073
Porto,RJ,0500 869 6282
Mendes - ME,AL,51 8761 1222
Melo - EI,AL,0800-135-3173
Cavalcanti,DF,+55 51 4524 0042
da Cruz Cavalcanti Ltda.,ES,(031) 6421-7069
Porto,CE,+55 84 0507 9369
Silveira Porto S/A,AM,+55 11 8937 1468
Pires Farias - EI,SC,71 0725-5193
Nunes Moraes - EI,CE,+55 84 3559 3955
da Cruz Alves Ltda.,PR,+55 41 5642-9552
Duarte,AL,21 1135 0283
Farias Rodrigues - EI,DF,+55 81 0649-0101
Pires,RO,+55 (031) 5347-5308
Porto Cardoso S/A,MT,+55 71 5328 0995
Ramos Duarte Ltda.,PB,0300 551 2968
Cardoso,TO,(051) 8753 7049
Moura Moraes S/A,AC,(071) 3776-3769
Pereira - ME,DF,71 2097-7098
Silveira Aragão - ME,PR,+55 (081) 4577-1912
Santos,MA,0300 590 3868
Novaes da Mata - EI,AC,+55 31 5793-4671
Fernandes - EI,PA,71 8002-4247
Costa Sales Ltda.,AM,+55 71 1622 6314
Barbosa,BA,+55 51 4614 0596
Pinto,AL,(021) 7427 5840
Fogaça - ME,AC,21 9851 6491
Barros S.A.,RR,+55 41 4403 4033
Castro,MG,+55 (071) 9350 7120
Fogaça S/A,MG,41 0871-6305
Ramos,RO,71 6493 6436
Viana Ltda.,MS,+55 (031) 1726-2515
da Conceição Jesus e Filhos,PR,31 8321-9626
Nascimento Sales - EI,MS,+55 81 6051 1971
Cardoso Fernandes - EI,PR,+55 (021) 1557 0876
Alves Costa S.A.,TO,51 1881 6056
Alves,PB,+55 61 5902 1971
da Conceição Fernandes Ltda.,AM,84 2849-6906
Cavalcanti,PI,0900 192 0093
Novaes,RR,(031) 0901 7286
Rezende,CE,41 3675-8639
Pinto da Rocha e Filhos,RS,+55 (011) 3160 4943
Cardoso S.A.,RO,+55 31 4664 9798
Mendes,GO,(071) 6488-2429
Fernandes Rezende - ME,ES,+55 (071) 9137 4600
da Mata Ferreira S/A,MT,(021) 9568 8148
Costela,AL,21 7940 4762
da Conceição - EI,SE,+55 84 9372-0776
Nunes,TO,41 6243-5334
Carvalho Ltda.,PA,+55 (051) 7553-6954
Costela,PI,0800-025-1648
Rezende S/A,GO,+55 41 6755 1730
Nunes,MA,84 1253 6551
Correia Ribeiro S.A.,PI,11 4884 7360
Freitas,SP,84 4718 3448
Cavalcanti - ME,AM,71 1026 1790
Jesus,SC,+55 71 8336 7878
Cardoso Moreira e Filhos,BA,11 2404 6807
Fernandes,SC,0500-701-6591
Gomes Nogueira S/A,PR,+55 81 5269 0519
Vieira - EI,DF,+55 84 3767-2886
Melo - ME,ES,+55 81 7403-3683
Araújo,CE,+55 (061) 4444-1787
da Mata,PR,(011) 4576 7880
Ramos S/A,SE,(031) 7147-5124
Martins,AP,0900 626 9991
Mendes e Filhos,BA,(041) 6155-5387
Vieira,RJ,71 5976-4802
Ramos,PR,0300 789 1239
Duarte e Filhos,PE,+55 21 9711 3780
Azevedo - ME,RR,71 8413-9173
Barros,RO,+55 (084) 3229-4596
Melo - EI,RS,41 7692 4116
Rezende,MT,71 0705 2306
Caldeira - EI,RO,+55 (031) 0807 2861
Peixoto,AM,41 1092-0388
da Rocha,RJ,11 4651 6099
Nogueira das Neves Ltda.,BA,(021) 1165 4369
Monteiro da Paz S.A.,AM,84 8624 2782
da Costa Moreira - ME,RO,(061) 5102 0586
da Mata Nascimento S.A.,PE,(084) 1335 3935
Silveira Carvalho S/A,RO,+55 71 2868-9847
Novaes,MS,+55 51 6769 4022
Porto Silva - ME,RN,+55 11 0532-4143
Freitas Silva S.A.,MA,0300-501-4020
Mendes da Conceição S.A.,TO,31 8931-1764
Moreira,MG,+55 51 8382 8540
Porto da Conceição S/A,MS,0900-369-2052
Monteiro,DF,+55 51 2406 8328
da Costa,PR,0800 621 6567
Pinto,CE,31 2841-1913
Rezende S/A,PB,+55 71 6782 0414
Fogaça Pereira S/A,RS,(081) 9882 4783
Lopes,PI,+55 31 1174 1672
Nunes,CE,+55 71 7151 9295
Costa Gomes S.A.,PI,71 5217-8845
Ramos Nascimento e Filhos,RO,31 2948-4681
Moura,PB,+55 (021) 6557-3933
das Neves e Filhos,PE,31 6335-3366
Barbosa e Filhos,PI,+55 (081) 3814 7697
Almeida Rezende e Filhos,SE,0500-862-7882
da Mota e Filhos,RN,+55 (071) 6118 1018
da Mata S.A.,PI,+55 81 9605 5549
Vieira Freitas S.A.,PE,+55 (071) 5080 0376
Moraes,PA,+55 (031) 1725 2616
Lopes,TO,71 7198 9736
Pereira Caldeira S/A,TO,51 9235 2317
da Costa,RR,51 2638 3320
Nunes,PR,0900 171 8360
Porto,RO,+55 11 0334 5432
da Mata,PE,+55 (011) 4882-0816
Rocha da Rocha Ltda.,PR,(011) 5792-5710
da Rocha S.A.,CE,11 1533-1442
Barros,TO,+55 (084) 8227-1708
Fernandes Ramos Ltda.,RJ,(041) 3702-8208
Pereira,SE,+55 71 9282-3289
Costa,AL,+55 (031) 6190 5511
Teixeira S/A,RJ,+55 (041) 9152 6894
Novaes Nogueira Ltda.,PB,+55 (071) 5833 5077
Carvalho,MA,(081) 3383 9664
Dias,MG,0900-833-0144
Lima Ramos e Filhos,PI,(011) 8129 7028
Farias,SP,0800 993 9302
Moura,RR,+55 (061) 3004 3061
Correia,SP,+55 11 3295-2949
Moraes Lima e Filhos,MG,41 1949 4513
Araújo,AC,(021) 6026 9167
Lopes - EI,SP,+55 (031) 0619 8895
Fernandes - ME,MA,11 4043 1137
Freitas,RJ,(011) 2065-4340
Souza,CE,81 0648 3381
Nogueira,BA,(041) 4712-9439
Porto Lima Ltda.,RR,0800 607 3637
Melo Porto e Filhos,SP,21 1814 7828
Gonçalves e Filhos,AC,61 3705-0258
da Paz Peixoto e Filhos,RO,31 4239-6174
Aragão,GO,81 3037 4798
Carvalho Lima - ME,PB,0300-705-4524
Pinto,DF,+55 (081) 1153 0506
Carvalho,AM,(084) 3779-6353
Oliveira,AP,61 3152 3361
Gomes Porto S/A,AC,0300 632 7902
Gonçalves,ES,+55 (071) 4246 6045
da Cruz Ltda.,AP,21 3585 9583
da Paz Rodrigues - EI,MT,0900-631-9938
Silva e Filhos,SC,61 0297-4827
da Mata,MT,41 8645-8276
Jesus Ltda.,RN,+55 41 3695-6916
Rezende,BA,(084) 2451 7826
Cavalcanti da Cruz Ltda.,SC,+55 (021) 4513-0261
Dias Castro - EI,AP,+55 (071) 7555 6985
Melo Ltda.,RJ,21 4326 0676
Barros,RR,+55 (051) 9992-1939
das Neves,TO,+55 21 4614-1145
da Cunha Ltda.,RJ,71 7253 4220
Alves,PE,21 6500-4301
Moura,SC,71 8085-4547
Moreira S.A.,MS,+55 (051) 6193-3415
Rocha,PE,+55 (061) 9653 0317
Pires,RS,0900-722-8951
Souza - ME,RO,+55 (084) 2939 2628
Cunha Freitas S.A.,MA,61 8531-7035
Cardoso Campos e Filhos,PB,+55 21 5816-1699
Porto,DF,(031) 4332-0859
Pinto S.A.,RN,+55 (081) 6380 6442
Azevedo e Filhos,MG,84 6749 9761
das Neves,MS,+55 84 1733 0962
Martins,PR,0800 031 1641
da Conceição S.A.,PB,0900-378-8323
Silveira,AC,+55 (021) 7444-4668
Costa,CE,11 5879 3349
Viana,AM,+55 11 1354 4543
Cunha Costa e Filhos,AM,81 6099-8077
Silveira,SE,+55 21 2945-2062
Farias,BA,+55 (041) 5394 0110
Lopes,PE,61 3331 1671
Oliveira Jesus S/A,PB,31 7219-6396
Novaes,AM,(081) 7885 2868
Ramos,CE,81 0381-9557
Pinto - ME,PA,41 9973-1613
da Rocha,AM,31 1642-7597
Farias S.A.,TO,21 6206 2146
da Paz da Mota - EI,GO,0300 938 7758
Campos Peixoto - ME,PB,+55 41 3470 9249
Nogueira,GO,+55 (081) 3224-3105
Araújo e Filhos,MA,+55 21 4194 7241
da Rosa,MS,(021) 1311 6195
Cavalcanti Monteiro S/A,MS,0900 619 7741
Barros S.A.,RJ,51 6610 1558
da Mota,RS,+55 (021) 8695 5826
Lima,CE,+55 31 3976 1956
Rezende Rocha Ltda.,RJ,+55 (084) 6248-4403
Cunha,MG,+55 41 1326 8849
Costa - ME,PI,(081) 3742 8922
das Neves,AC,0900 931 5868
Gomes,MS,0900 312 8476
Melo - ME,PB,+55 (061) 8588-8857
da Conceição,PI,0300 271 3852
Caldeira,RS,(011) 6029-3092
Cavalcanti,DF,(041) 7818-1026
Fogaça - EI,PR,(071) 4308 0921
Cavalcanti,PI,71 0798 4668
Moraes,ES,31 9406 9764
Campos,TO,+55 71 5467 0731
Fogaça,RJ,+55 11 7763 2282
da Cunha,AC,21 8502-9394
Jesus Ramos e Filhos,AM,84 0844 3755
Alves Freitas S.A.,BA,0300-208-3508
Farias,SC,+55 (031) 0036-7340
da Costa Barbosa - ME,PR,0500 994 7258
Nogueira,TO,(051) 6659-2968
Oliveira,AL,+55 (071) 1841 1799
Freitas,PB,+55 61 3127 0390
Rocha e Filhos,RR,+55 71 0597-1806
Cavalcanti,TO,+55 (011) 4745 3957
Araújo,PI,0900 637 5077
Rodrigues S/A,MA,81 6808 8042
Souza - ME,AC,(071) 9354-8542
da Mota,GO,0500 866 6934
Souza,AC,0300 995 3449
Vieira Cardoso - EI,PE,(051) 4918 3267
Farias Teixeira e Filhos,PR,(071) 9849-0354
Duarte,GO,0500 517 2211
Lima S.A.,RS,+55 11 8256 1831
Ramos e Filhos,PE,21 5166 3467
Lima,PB,+55 (051) 7790 3346
Fogaça,TO,(051) 3640 2769
da Mata,PE,+55 (061) 8910-6743
Pereira Ferreira Ltda.,AC,61 6457 4031
da Conceição S.A.,AL,+55 (031) 4938 3040
Viana,PB,41 8131 0557
da Paz S/A,TO,31 0204 9303
Porto,BA,+55 (031) 6134 1196
Mendes Mendes - ME,PE,(084) 7308-9542
Pereira e Filhos,RR,+55 11 5233-0812
Costela das Neves S.A.,RR,21 9007 6255
Jesus,MG,(041) 9074-6224
Carvalho,PE,+55 (051) 0634-3710
Dias,DF,0800-145-4414
Almeida S.A.,TO,(084) 6254-2214
Lopes,PI,61 8674 0637
da Paz Pereira - EI,RN,+55 41 8599-7834
Alves,PE,(031) 2639-6849
Moreira,MS,+55 81 3202 0381
Freitas S.A.,MS,+55 (021) 8739-8615
Peixoto,MS,+55 71 9253-6530
Barbosa Ribeiro Ltda.,PI,81 3338-4953
Souza Ltda.,MA,+55 (031) 8577 5487
Mendes - ME,TO,(061) 6390 1983
Mendes,GO,(071) 7641-5697
Nascimento e Filhos,RS,+55 (021) 6008 0452
Ribeiro,AP,+55 71 0368-3386
Almeida,RN,+55 84 5931-7619
Lopes,RN,(041) 6397 8574
Moraes S.A.,ES,0800 407 1578
Fernandes e Filhos,AL,31 2603 8953
Fogaça,PE,+55 84 8543 5385
da Conceição,BA,+55 (011) 6467 5131
Nascimento S/A,SC,+55 (071) 7904 0588
Peixoto,MG,(061) 4927-7781
Freitas,PA,+55 71 3143-0780
Duarte Monteiro Ltda.,RS,11 1834 3318
Monteiro,MS,(041) 0252 4812
da Mota,AC,(041) 7010 6579
da Rocha Ltda.,GO,0900 008 1608
Cardoso S.A.,PI,0500-754-7132
Fernandes Ltda.,TO,81 4234 7320
Campos da Luz e Filhos,RJ,41 5966 5222
Nogueira,PR,+55 61 0713-1093
Nogueira,PB,+55 31 2218 7441
Novaes e Filhos,AL,+55 (031) 8946-2409
Pires S/A,MS,+55 11 0814-8584
Fogaça,PR,+55 (061) 4322-5790
Pinto,SC,(081) 7668-7988
Porto,SC,51 1182 5328
Cardoso,TO,(021) 3401 6879
da Cruz,SE,+55 (041) 3575-1664
Costela,MS,+55 71 9626-9217
Peixoto,BA,+55 71 8455-3332
Ferreira Ltda.,TO,+55 (061) 9174-6562
Nogueira,RJ,(011) 7375 7465
Nascimento S.A.,MA,0500-562-8477
Pires,AL,(051) 3169 1871
Martins Azevedo S.A.,AC,0800 014 3076
Aragão,SC,+55 81 4081-9652
Lima S.A.,BA,+55 (011) 1662-0433
Costela Azevedo - ME,RS,+55 11 7173-8565
Lopes da Luz - ME,RR,+55 21 6290 9348
da Paz S.A.,PE,(011) 9973-7141
Costa,RR,(051) 2414 8986
Ramos S/A,RR,+55 41 0953 1631
da Mata Nascimento - EI,SE,+55 (031) 3477-6720
da Mota da Paz - EI,SC,(061) 3491 3062
Mendes,RO,0800 714 4777
Cavalcanti,BA,0800 431 7765
Fernandes e Filhos,RJ,(011) 2161 3670
da Paz S/A,AC,81 9904 2910
Azevedo,RJ,21 5697 0789
Campos,RS,(084) 5880 5116
Caldeira S/A,MS,(011) 5262-8731
Farias Santos S/A,AC,41 9116 2054
Pereira Sales - EI,TO,0800-889-3006
da Luz - ME,RN,(011) 8444-3111
Duarte,PA,11 0896-4598
Fernandes,MG,+55 41 0969 9643
Moreira Nunes S.A.,PI,+55 (021) 6399-7783
Oliveira Lima - ME,TO,+55 81 2215-7293
Gomes Ltda.,SE,61 9403-6421
Nogueira Moraes S.A.,AM,(051) 8820-6168
da Costa S/A,ES,71 5690 0297
Peixoto - ME,PR,(051) 4069 4850
Souza Porto - ME,MT,+55 61 6778 2143
Pinto,MS,(071) 8318 6586
Nunes Martins - EI,SC,0500 017 5759
da Rocha Porto - ME,PB,(021) 3867-0764
Gonçalves e Filhos,PA,(041) 6075-3620
da Mata S/A,BA,(011) 2449 1161
Peixoto,AL,+55 21 9766 5471
Carvalho - ME,ES,(031) 5219-6740
Monteiro da Paz e Filhos,RO,0800-941-6002
Almeida,RR,+55 71 6615-2803
da Mata - EI,MG,51 4624 9555
Moura,DF,+55 71 0181-5212
Cardoso,GO,31 6153 0997
Fernandes,AC,21 5872 0647
Cunha,ES,0300 495 4071
Lopes,SE,(061) 0262 4903
Silveira Santos S.A.,PA,+55 31 7975-8248
Aragão S/A,PR,(041) 5575-4764
Moura Ltda.,RO,+55 (061) 5400 5372
Azevedo e Filhos,SE,+55 (084) 0088-1924
Cavalcanti Ltda.,RO,+55 84 6937 4437
Mendes e Filhos,SC,84 6620-2722
Correia,PB,(071) 9744 4306
Moreira,DF,(021) 9692-6949
Correia,RR,(084) 1437-1701
Moura,ES,84 7260 0752
Dias,PI,+55 61 0239-2885
Costa,PI,+55 61 7936 9027
Araújo Gomes e Filhos,AL,84 4432 1951
Lopes,AP,81 8479-8249
da Cruz,RO,+55 (041) 5449-7552
da Cunha S/A,MT,+55 (041) 1853 5062
Nascimento Nogueira S/A,SE,(084) 7888 7747
Pereira,PI,+55 (051) 2293-0397
Dias,MS,+55 (051) 1498-2494
da Rosa Cardoso e Filhos,SE,+55 (021) 4374-9003
Correia Costa Ltda.,AC,+55 (031) 6210 6968
Silva,SC,21 4081-3587
Vieira,MA,41 8586 3363
Araújo,DF,(051) 4148 3441
Ferreira Fogaça S/A,PE,+55 (041) 3799 6430
Vieira,AP,0300-637-2377
Nunes Ltda.,PB,+55 84 9601 1287
da Rocha Costela - EI,RR,+55 61 3541-0136
Cunha Azevedo Ltda.,AL,+55 11 1224 5630
Almeida,RR,(041) 2740-2560
Fogaça,PR,+55 84 7812 7158
da Conceição e Filhos,SC,0900 946 6408
Nunes Lima Ltda.,RO,+55 (081) 8052 0089
Silva,RR,51 9833 4906
Viana Costela Ltda.,PE,+55 (041) 3751-4732
Caldeira Rezende - EI,PA,+55 81 9426 8712
Martins,PR,+55 41 3820-0579
Viana e Filhos,AM,81 9862 2521
da Cruz,BA,+55 (071) 1791-8305
Jesus - ME,TO,0500-736-7118
Gomes Cunha Ltda.,AP,+55 51 3879 1431
Pires Viana e Filhos,CE,+55 (031) 6766-5010
da Luz,ES,+55 (051) 0862 6696
Rezende,RO,31 1614 6945
Novaes,PB,61 8261 3102
Aragão,RO,+55 21 7522 5719
Nunes,RJ,0500 068 9462
Souza,SC,31 8112 6092
Moreira,SP,+55 41 8679-7948
Cavalcanti - EI,AM,41 2536 7175
Dias S.A.,AL,+55 61 5508-8662
Ferreira,PI,(031) 1126-8623
Porto,SC,+55 (031) 2717-8304
Costela,RS,+55 31 4513-4165
Araújo Freitas Ltda.,RJ,41 2255 0443
Sales e Filhos,RS,+55 31 2337 9519
da Paz,MT,84 6458-2356
Lopes Santos - EI,SP,+55 (051) 6358-9191
Fernandes,AM,61 1598-1278
Pinto,PE,(051) 0238-9680
da Mata,MG,84 7504-1049
Alves,AP,+55 (061) 0156-3333
Fernandes Pinto Ltda.,SP,+55 (051) 5062 7936
Lopes S.A.,PE,0800 918 4849
Ramos,MA,(061) 5735-6430
Lima Carvalho S/A,AP,31 8047-5685
Cardoso S/A,MA,+55 51 2653 7013
Rezende,RO,+55 31 3247 2526
da Mota das Neves - EI,RN,81 2681-6999
Correia,MA,0800-780-1898
Gonçalves S.A.,RS,(071) 2953-6460
Cardoso Sales - EI,RO,+55 21 4223 2809
Souza,SP,(041) 0984-0402
Jesus,MG,51 7345 1405
Nunes Pires S.A.,MG,71 2589-0262
Lopes S.A.,MT,61 0531 5367
Nunes,AP,+55 11 6971-7000
Rezende,AC,+55 11 1470-8728
das Neves,AP,+55 (041) 0456-8428
Fogaça,ES,(041) 2239-2504
Araújo,PR,+55 71 0098-1564
da Cruz,GO,(084) 7246-9765
Santos Novaes S/A,PB,+55 51 2202 9420
Nunes e Filhos,RS,(041) 9635-7005
Rezende da Paz - EI,AP,+55 (031) 9189-9048
Pereira Ltda.,AL,+55 11 3315-7330
Costela,AL,(061) 8112-3150
Jesus,PI,+55 71 9471-4014
Gonçalves,RO,+55 (041) 2817-8992
Moura Carvalho - ME,TO,0300-485-0468
Farias,CE,(051) 8694-6373
Barbosa Cavalcanti e Filhos,PI,+55 (051) 8569-2859
Porto,GO,+55 81 2627 6375
Pereira Martins - EI,PA,+55 (041) 1832 8957
Barbosa Barbosa - ME,TO,(031) 1794 1502
Silva,MG,+55 (011) 8026-5741
Jesus Aragão - ME,MT,+55 (031) 6835 5078
Porto,MG,(071) 1377 6780
Ramos,CE,0500-640-3706
Santos Ltda.,MA,0300-169-2061
Azevedo,MG,(031) 7179 7063
Mendes S.A.,AL,51 7133 1916
Vieira,MS,+55 11 6755-7984
Ramos,GO,11 4224 7017
da Mota,RJ,84 5058-4255
Melo e Filhos,RN,+55 61 7324-2009
Nogueira - ME,SC,0500 542 7869
Gonçalves Araújo - EI,PB,21 6483-4710
Nogueira Fogaça S.A.,PA,+55 (031) 8601-3245
Jesus S.A.,BA,81 0700-0997
Moraes Alves Ltda.,RO,+55 21 6400-5074
da Costa,RJ,+55 (071) 4198-3351
Monteiro,CE,81 7618 9732
Novaes Alves S/A,CE,0900 684 0864
Moraes,RN,+55 21 8112-2093
Novaes S/A,PE,+55 71 2832-2430
da Cruz,PB,+55 (071) 6352 4596
da Costa - ME,BA,61 0320-7179
Mendes,AM,61 6440-8779
Moreira Almeida e Filhos,ES,71 1117-3511
Peixoto Rodrigues S/A,MS,+55 81 6566-5894
Caldeira,CE,+55 (071) 6225-3877
Silva,AL,+55 21 9319-6286
Aragão - ME,RN,+55 (061) 0186 0895
Oliveira - ME,RR,(041) 6233-9085
Monteiro,DF,+55 61 1742-4970
Silva S/A,SP,+55 (081) 6822-4672
Moura Novaes S/A,CE,84 8511-5120
Fernandes S.A.,PI,+55 (051) 6543-9974
da Paz - ME,AM,0300-106-0544
Freitas Moura - ME,AL,+55 (084) 4198 9933
Cardoso Jesus - ME,ES,(071) 5800-0625
Campos,RR,+55 (081) 7965 7422
Cardoso,DF,+55 21 7815 7955
Ferreira - EI,CE,0300-512-9344
da Conceição Rodrigues Ltda.,AC,+55 11 2067-0322
Aragão Costela - ME,SP,(071) 4298 2152
Ramos Pereira - ME,MT,31 7379-5300
da Paz Barros e Filhos,MG,0800 138 2472
Ramos,MA,(011) 5832 3812
Moreira,DF,84 2010-0580
Duarte Barbosa e Filhos,RJ,+55 84 3166-1441
Farias,SC,0800-616-6532
da Mota S/A,PR,(041) 7251-8034
Souza - ME,CE,(061) 1815-5478
da Mata e Filhos,CE,71 8884 9952
Campos,PA,11 6426 6885
Fogaça,PE,11 4191 4249
Barros S/A,MT,84 3655 1410
Rezende,SP,61 8242-4101
Peixoto,RJ,11 8062-1594
Campos - ME,MA,0500-100-8801
Jesus,AM,(081) 3544-1388
Cardoso,CE,+55 41 6919 3822
Cavalcanti S.A.,RJ,(061) 1009 8745
da Costa,SC,11 3983-0355
Costela,SP,(051) 5432-9578
Almeida,SC,+55 (011) 5357 0660
Ramos Ltda.,ES,+55 (051) 5970-4083
Pinto Ltda.,SC,+55 (071) 5204-8629
Lima Rodrigues S/A,DF,+55 (051) 8373-7603
Araújo S/A,SE,21 0801-4641
Pires,GO,+55 31 3247-4936
Campos,MS,+55 51 6907 6107
Duarte,SC,0500 822 4185
Jesus da Costa S/A,PA,0500-716-1853
Aragão Costela - ME,PR,+55 (084) 7453 7550
da Rocha,AL,(041) 0192 2003
Moraes,RS,+55 (071) 5055-9918
Mendes,RR,+55 (041) 9171-2281
Pinto Pereira Ltda.,RS,+55 (021) 7586-5879
Freitas,PR,41 6906-2682
Pereira,PI,(081) 4819 5686
Ferreira Azevedo - EI,PR,(081) 5571-1444
Nunes,BA,(084) 7810-0302
da Cruz,AM,(031) 7683-8381
da Paz,RN,31 2737 4664
Moraes Costela S/A,AC,+55 31 2647-9796
Pereira Ltda.,AP,+55 84 5615-4314
Fernandes,DF,(061) 5852 2716
da Mata Carvalho Ltda.,SE,+55 (031) 3097-7193
Dias,RN,+55 (084) 0145 3491
Mendes,PE,+55 (041) 1639-7119
Novaes,GO,+55 81 1765 9775
Cavalcanti,GO,(041) 3784-8963
Rezende - ME,RR,51 0462 6698
Souza Fogaça - ME,CE,(051) 4616-1321
Dias,AC,+55 51 5755 3900
Fogaça,RN,0800 474 0103
Martins,AC,+55 (011) 5570-1935
Ramos,RN,0500 573 2605
Cardoso S/A,MT,21 8299 1769
Nascimento Pinto - ME,MS,(084) 0114-6010
Ramos S/A,AL,+55 21 6221-3252
Teixeira S/A,RO,+55 71 9282 9170
Oliveira Fogaça - EI,AM,84 8489 7204
Ferreira,BA,0800 449 5925
Teixeira Araújo e Filhos,GO,+55 11 6715-7843
Rocha,ES,41 6214-3383
Souza,PE,(031) 0083-4039
Nascimento,BA,(051) 8819-7495
Jesus,SP,(081) 7434-0160
Oliveira S.A.,BA,+55 (051) 5432 5219
Pinto Farias S.A.,AP,61 6288-5756
Costa Duarte - EI,GO,+55 (081) 1744 9986
Correia Barbosa S.A.,ES,0900-793-8763
Ramos,AM,(011) 1954 8529
Vieira Ferreira Ltda.,AC,+55 (051) 6143-4030
das Neves,AP,+55 61 1831 9326
Fernandes,SC,0900 846 4184
da Conceição,RJ,84 8204 9985
Correia,MG,(081) 8427 5838
Freitas Gomes - EI,CE,11 6753 6208
Sales Caldeira Ltda.,DF,+55 (031) 6498 9810
Peixoto,RN,0800 189 8424
Alves,MG,(061) 6386-4299
Ribeiro Fernandes S.A.,AP,0800 010 5419
Dias Ltda.,MG,+55 (031) 5307-7624
Silva,RJ,(061) 6853 4972
Melo,AM,(041) 4676-2903
Porto,SP,81 8673 3777
Cavalcanti,RJ,(021) 0920-8644
Costa,GO,(061) 5678 5032
Ramos,AM,+55 81 3233 3656
Araújo e Filhos,TO,71 7799 7487
Martins,PB,+55 (011) 2064-7407
Cardoso,SE,+55 11 5379 6452
Silveira Ramos Ltda.,MG,+55 11 6581 3845
Ferreira S/A,SC,(041) 8564-4963
Jesus Teixeira - ME,RJ,+55 (011) 5090-5246
Costa,DF,+55 41 1793-1211
Ribeiro,BA,(031) 1159-7459
Sales,PA,+55 71 5289-5773
Oliveira,PA,84 6504-4039
da Luz Alves e Filhos,TO,+55 84 8465-7287
Farias Dias e Filhos,BA,51 9588 2765
Novaes Moura Ltda.,MG,+55 (031) 7580-0599
da Mota - EI,RS,0900 293 7860
Caldeira Pereira - EI,MT,(031) 2950-2718
Barbosa S/A,AP,+55 11 3672 4267
Mendes Silva Ltda.,ES,+55 (041) 5843 0923
da Rocha - ME,CE,41 4569 4033
Fogaça,CE,+55 41 6382-4060
Rodrigues Rocha S/A,AC,(071) 5428-3554
Ribeiro,AC,0800-570-7887
Martins,TO,+55 21 6023 7350
Silveira S.A.,PR,+55 (081) 2992-4560
Gomes,TO,(011) 7400-1441
Rezende da Rosa Ltda.,PR,41 8580-6407
Souza da Luz S/A,PR,0900-920-9894
Melo,GO,+55 81 3848 7613
Araújo - EI,SP,(051) 1353 9973
Alves,DF,+55 41 1109-2080
da Costa Jesus Ltda.,RO,0800 249 3642
Porto - ME,MT,(031) 7077 1911
Aragão,PI,+55 (021) 9821-2250
Martins e Filhos,SP,71 3045-8147
Cunha S.A.,SP,+55 (051) 0962-1498
Viana,SC,+55 81 5970-0248
da Luz,TO,21 4319-6094
da Mata,AP,(051) 3561 5104
Melo Moraes S.A.,PB,+55 11 1212 2931
Farias,TO,+55 51 8001 0129
Martins Costa - EI,SP,+55 51 2320 1722
Ribeiro,PI,(061) 5095 7174
Caldeira S/A,ES,(051) 7421-3496
Mendes - ME,RN,0500-943-6569
Correia,SE,+55 21 3050 3359
Duarte,SP,+55 51 7363 8690
Dias,RO,61 4487 6784
Peixoto Dias Ltda.,MA,(011) 3315-7196
Fogaça,GO,+55 81 9772 6687
Barros,RN,+55 61 4839-3750
Ferreira,MS,+55 (081) 6304-5754
Moura - ME,AL,+55 (081) 1756 2974
da Rosa,PE,+55 (021) 8520 0407
Monteiro Cardoso - EI,MT,(051) 2819-2518
Nascimento Cardoso Ltda.,TO,+55 71 0139 0943
Moura e Filhos,BA,31 3120-7318
Mendes,PE,0900-849-6569
da Rocha,SE,+55 (061) 8867 0498
da Costa,AC,+55 (061) 0971-7196
da Rosa S/A,SP,(081) 3275-4097
Novaes da Rosa S.A.,RS,(011) 5490-4636
Mendes,AP,31 1518-6952
Oliveira,PI,84 8825 4530
Moura Barros e Filhos,PB,+55 (071) 5917-9578
Teixeira - ME,CE,(061) 6448 5137
Cunha,AC,+55 (081) 6780 3513
Aragão,AM,(084) 8988 5356
Fernandes,RO,11 6292-3762
Silva S.A.,SP,31 7638 1086
Araújo - ME,GO,+55 (081) 3302 0232
Ramos,RO,11 8647 4957
Araújo,SE,+55 31 8112 3283
Rodrigues - ME,CE,81 3725 6875
Fogaça,PE,41 1803 9819
Novaes,PI,+55 (051) 8012-8737
da Conceição Rocha - ME,MS,11 9962-3423
Almeida S.A.,RN,81 3329 8262
da Rosa,RS,41 0611 4924
Mendes,SC,(071) 3985 1790
Moura,GO,31 7675 4557
Nascimento,AP,+55 (021) 9755-9703
Barbosa Lopes Ltda.,ES,(041) 3817-2416
Cardoso Novaes - ME,BA,+55 (081) 3592 5540
Farias - ME,TO,+55 (031) 8572 7985
Pinto,MS,+55 71 3763 3312
das Neves,MA,51 5989 1505
Ramos,TO,11 2449-1526
Rezende,ES,+55 (071) 9775-9016
Araújo Ltda.,PA,0800 142 3788
Barbosa,AM,+55 (061) 5583 8801
Lima e Filhos,RR,+55 11 2528 5568
Gonçalves,MT,+55 (051) 5651-3329
Alves Viana - ME,PR,+55 (084) 3895-5837
Vieira - ME,SC,+55 (051) 5387 1433
Castro Barros e Filhos,SC,31 1078-6137
Gomes e Filhos,TO,+55 81 9658-1552
Cavalcanti,SP,+55 (011) 2402-3783
Alves,SP,21 9506 9611
Gomes S/A,PI,(061) 2783-2026
Farias,MS,+55 21 0119 2282
Martins Pires S/A,PB,+55 (081) 4587 0786
Viana,MT,0800 128 6967
da Rocha S/A,MG,+55 11 3271 5042
Ferreira - EI,MT,+55 84 1866-9918
da Costa,MA,+55 81 9409-8527
Alves,GO,+55 11 1314-3112
Gomes,ES,11 2391 7411
Nogueira,GO,+55 11 3109 0169
Castro,AP,(071) 5424-0134
da Rosa,AP,0300-401-1415
Castro Duarte Ltda.,RO,(081) 3848-5701
Gomes Nascimento S/A,CE,(084) 6925-8310
Araújo S/A,AC,71 0251 8277
da Mota,PE,(021) 7815 8943
Vieira Cardoso Ltda.,RN,+55 51 4590 9663
Campos e Filhos,PA,0900-620-1401
Castro Nogueira S.A.,AC,+55 (031) 4388-2125
Teixeira,TO,+55 71 7038-2112
da Rocha Pinto S/A,RJ,+55 71 3248 9682
Peixoto da Cruz S/A,GO,(081) 0988 2007
Costa - ME,AM,+55 71 9473-3350
da Cruz,RS,+55 (084) 3102 8855
Pereira,ES,11 0513 6798
Gonçalves,MA,0500 303 4571
da Mota,SP,(084) 2175 5818
Gonçalves Porto e Filhos,AM,71 0082-7845
Jesus,PA,+55 51 9111 0403
Barbosa Viana Ltda.,PI,41 3616 9971
Vieira Freitas - ME,GO,31 0156-2430
Teixeira Costa - ME,RN,84 2505 8808
Santos,MA,(061) 2150 4145
da Cunha Lopes - ME,AC,(041) 8198 0403
Novaes Ferreira e Filhos,RS,+55 41 7666-9271
Novaes,DF,(031) 7531 9330
Duarte,TO,+55 (051) 9886-7382
Lima,PA,(011) 1380 2886
Caldeira Ferreira S/A,MG,+55 (011) 8390 3631
Costela Barros - ME,PA,+55 41 2027 8075
Souza Correia S.A.,PB,11 7213-8241
Novaes - ME,MS,(084) 7836-4028
Fogaça,SE,+55 (021) 6620 1849
Alves Ltda.,AL,11 3847 8661
da Paz Cardoso - ME,RN,+55 (011) 4694 5598
Dias,RS,(081) 4270-8553
Castro Ltda.,RS,+55 84 4533-6762
Azevedo,AL,+55 (041) 3378 8168
Ferreira Silveira S/A,CE,+55 81 5193 4143
Mendes Campos S/A,MS,61 5978-3241
Nunes Cardoso S.A.,PE,+55 71 3984 3507
Aragão,RN,+55 (011) 4584 8265
Ferreira Ltda.,PE,51 6314 9217
Santos,MS,11 0706 5505
Moreira Castro - ME,AC,+55 (011) 9545-4373
Melo,MT,+55 84 4805 7537
da Mota,RR,81 3287 0385
da Costa Ltda.,RR,+55 (051) 8546-9855
Cardoso - ME,AL,61 7314-2160
Campos da Luz - EI,SP,+55 (051) 1107 5081
Ribeiro S.A.,TO,51 0373 9105
Cavalcanti,PR,(084) 6054-1564
Ferreira,AC,+55 (051) 9850 1262
Araújo S.A.,DF,+55 (031) 7565-2693
Fernandes Viana S/A,TO,(071) 2093 0283
Nunes da Mota S/A,PB,+55 21 9975 8767
da Rosa Ferreira S/A,RO,21 7158 7233
Souza Pereira e Filhos,ES,(051) 5864-5712
Caldeira Ribeiro - EI,RS,21 3847 8469
da Conceição,SE,+55 21 9414 0154
Barbosa - ME,SC,84 2971 3865
Mendes da Costa S.A.,AL,31 5801-4515
Fogaça Rodrigues - ME,RN,+55 (011) 1335-1502
Martins Alves - EI,MS,(084) 3131 9189
Oliveira,RS,+55 61 0769 5585
da Mata,SE,31 1821 7336
da Rosa,PA,0300-061-6165
Pereira - ME,AM,61 8861 2171
Campos,ES,41 0007 2012
Ribeiro - ME,AC,+55 (084) 5096-5627
Campos Dias e Filhos,AM,(041) 8456 4005
Costa S/A,AP,0300-469-2474
Moura,MT,(011) 3083-3615
Azevedo Duarte - ME,RJ,+55 (071) 2789-2593
da Rocha - EI,AC,+55 31 2294 7281
Sales Fernandes - ME,PR,+55 31 5905 6556
Teixeira S/A,MS,(081) 2232 5398
Santos Oliveira e Filhos,BA,+55 71 6969 0636
Viana e Filhos,PB,(084) 0187 8838
Pereira Nascimento Ltda.,RJ,+55 71 7321-8692
da Mota,BA,(021) 7508-0540
Cardoso,RO,(021) 8139 1419
Nogueira,CE,+55 61 8174-6172
Carvalho Ltda.,PE,(011) 5837 1239
da Conceição Barros S.A.,SE,+55 (061) 3990 2886
Cunha,RO,+55 (041) 9986 3231
da Rocha Moura - EI,PE,+55 51 3457 4892
da Costa S.A.,PE,(084) 2977 5079
Peixoto,SC,+55 (031) 7546-7433
Freitas,PA,0900-225-4471
Farias,PR,51 7835 6656
Teixeira S/A,RS,+55 31 7783 7389
Nogueira,RO,81 5570-0717
Martins,AC,31 2973-6718
da Mata,RN,31 0546 8359
Monteiro,AC,(071) 4683 4838
da Rocha,PI,51 6402 5900
Martins - ME,PB,+55 (021) 8676-2207
Viana,PB,84 0643-7628
Cunha,MA,0500-471-5016
da Conceição S/A,SP,81 6811-3593
Cardoso - ME,RN,71 2107 4296
Araújo,RJ,+55 (071) 8069-7376
da Costa,MT,0500 522 2772
Oliveira,TO,+55 81 4451-5029
Cavalcanti Silveira - EI,BA,21 5131-0938
da Rosa,AC,(011) 8727 2013
Cardoso da Mata - EI,PR,81 4355-0752
Azevedo,GO,11 5738 5623
da Mota,SC,71 0684-2000
da Rosa Araújo - ME,MA,(011) 4604-9303
Silveira Pinto S/A,MT,(051) 6365 2749
da Costa - ME,PE,+55 84 6021 1671
da Rocha,SC,+55 31 6058 3101
Rezende S.A.,RO,+55 (071) 8300-0260
Azevedo,MA,+55 11 9213-4387
Jesus,MA,+55 (081) 9579 3077
Mendes,SE,(031) 0004-2221
Jesus,RS,+55 61 5208 9826
Melo Jesus Ltda.,AP,84 0962-7336
Teixeira,MA,(071) 3674 7790
Martins,SP,+55 (071) 4254 5263
da Rosa - ME,RR,+55 (081) 5946-6597
Gonçalves Sales Ltda.,SE,+55 (021) 7432 0338
Silva,PR,51 7545 6368
da Costa,PB,+55 (021) 4467 8068
Cardoso,MG,51 9981 7863
Rocha,BA,+55 31 0660-5116
Gonçalves,MT,51 9510 0475
Pires Cavalcanti S.A.,DF,81 6011-5269
da Rocha,MS,(084) 2730-6604
Barros Castro - EI,ES,71 8177-8578
Rodrigues S.A.,MT,(021) 3494 5095
Martins,SP,+55 31 5010 7742
Novaes Teixeira Ltda.,RN,0300-905-9573
Gomes - ME,CE,+55 (051) 9948-5686
Alves,PA,+55 21 1956 0445
Martins S.A.,AC,(081) 2934-1075
Aragão Carvalho S.A.,MT,84 1876-4386
Novaes,BA,+55 51 1966 4111
Ramos,PB,+55 11 0335-0854
Rocha Pereira S.A.,PA,(051) 6114 2678
Silveira,SE,+55 (031) 1526-9388
Gomes,RO,0800-808-1896
Azevedo S/A,AP,+55 41 3906 8642
Moreira,SC,(021) 2768 4035
Cunha - ME,BA,+55 21 6042-4129
Moraes Fernandes e Filhos,MG,+55 61 4674-0710
Rodrigues,AM,+55 (084) 7025-5048
Costa,CE,(011) 2531-8493
Cunha da Luz e Filhos,RR,+55 81 0469 6364
da Cruz,AP,(011) 4165 2913
Vieira Ribeiro - ME,MA,+55 (081) 4690-6841
Porto,GO,(081) 7339 6700
Cavalcanti,RN,84 0160-7842
da Mata,MS,+55 (071) 5817-1620
Lima,SC,+55 (031) 3308 7621
da Costa Nunes Ltda.,BA,+55 (071) 8375 0418
Silveira,SE,0500 318 2690
Peixoto Ltda.,PR,+55 (011) 1637-3070
Peixoto,DF,84 7472 3043
Araújo,PA,11 3349 2011
da Cruz - EI,DF,(021) 6590-8086
Novaes,AP,+55 51 8542 5172
Carvalho Ltda.,AP,+55 61 6201 7694
Mendes,AL,+55 (071) 3347-6542
Sales,GO,0300 550 3877
Moura S.A.,GO,+55 84 7464 2672
Costela - ME,PA,(071) 0144 7205
Novaes Ltda.,AM,0800 522 4023
Silveira,PI,(081) 3037 7099
da Cunha,ES,0500 220 6606
da Mata,PB,+55 31 7828 1210
Nunes da Luz S.A.,TO,+55 31 5708-0653
da Conceição Carvalho Ltda.,PA,51 8678 4916
Silveira,AP,(081) 8226 3512
Monteiro,MG,41 6284-2409
Cardoso Ltda.,MT,(041) 4061-4656
Lima,RO,0500-586-2969
Farias Silveira S/A,GO,0300-843-2746
Santos - EI,MS,+55 71 6923 4541
Pires,MG,61 5164 8511
Silveira,MS,(021) 6503 6329
das Neves - EI,DF,21 1118-0837
da Rocha,MG,71 3734-7916
Moura Lopes Ltda.,CE,+55 (081) 7600-4124
Correia,MA,+55 11 3841 1278
Melo,RR,71 8720-5472
Azevedo,SP,(021) 5588 6105
Fogaça,PA,(051) 4980-0384
Peixoto,MS,+55 (051) 6266 4345
Nunes,MT,+55 (031) 4868-0956
Silveira - ME,AP,+55 (071) 4219-6938
Cardoso,SP,0800-706-1368
Souza - ME,RN,41 5637 2478
Carvalho Ramos - ME,PE,41 2475-0674
Monteiro Freitas Ltda.,AC,+55 (081) 4236-2709
Moraes,TO,+55 (041) 0176-7049
da Costa Alves Ltda.,SE,+55 61 1000 0573
Santos Almeida e Filhos,RS,+55 (071) 4903-5568
Gomes e Filhos,AP,+55 41 7744-9259
Castro da Cruz e Filhos,GO,0900 210 4606
da Rocha Rocha S/A,RJ,(071) 9971 8424
Fernandes,CE,(051) 9222-0014
Peixoto,MA,81 5906 0179
da Mata,RN,+55 84 9123-3984
Oliveira,AP,(071) 6622-2843
Melo Costela - EI,SE,+55 (061) 2542-6115
Nascimento,MS,11 6630-6660
Correia,SP,(031) 2938 7151
Gonçalves Souza e Filhos,MT,+55 (061) 0773-0141
Nogueira - ME,RN,+55 71 8895 0255
Teixeira,PB,+55 (051) 0845-8601
Teixeira,BA,(021) 8239-8693
Barbosa e Filhos,DF,(081) 1233 0411
Araújo da Mata - EI,AC,51 1083 5945
Moraes Lima S.A.,GO,0900 103 7120
Pereira S.A.,ES,0800 963 9483
Santos e Filhos,CE,71 8063-0567
Caldeira,DF,(011) 7539 6089
Ferreira,RN,(011) 6846 5443
Souza,PA,0800 238 9869
Costela,CE,+55 (061) 8649-1354
Barbosa e Filhos,RO,+55 (031) 2349 8268
Silva S.A.,CE,+55 (041) 4862-1043
Pinto,AM,(071) 3862-1645
Lima S/A,SE,+55 84 5218-7044
Martins - ME,TO,+55 (011) 8188-9423
Mendes,GO,+55 61 1219-8502
Viana Freitas Ltda.,TO,+55 (011) 8757 6118
Novaes,RN,+55 51 5254 5273
da Luz Vieira e Filhos,CE,+55 (081) 8778-0386
Fernandes e Filhos,AM,0900-356-7723
Ribeiro,MG,11 1835-6462
Rodrigues,SE,0800 414 0072
Pereira Ltda.,PB,(081) 7436-4486
Moura,DF,(041) 5915-7376
Pinto,TO,51 5970 8773
Pereira Almeida Ltda.,RO,71 6356-4913
Gomes,PB,0500-012-4601
Nunes,BA,(011) 6084-5295
Silva,MA,(061) 7805 0159
Gonçalves Ltda.,AP,+55 (021) 6793-3295
Jesus Cardoso S.A.,AC,+55 11 0685 0660
Moura S.A.,PI,71 8765-5430
Sales,RR,21 1784-4971
Gonçalves,SP,84 8501-4867
Correia Costela - ME,TO,+55 (061) 5926 7122
Rezende,PA,0500 661 8894
Pereira,TO,(041) 7138 9211
Cardoso S/A,MG,21 4890 9512
Souza,RN,(061) 7289 0039
Castro,AL,71 8693-5715
Castro,MT,31 4805 9457
Nascimento Vieira Ltda.,MT,+55 81 3449-4476
Lima,MG,0800-507-3937
Silveira S/A,PE,71 7511-1263
Silveira e Filhos,PR,+55 51 0589 6964
Nunes,PI,(041) 9168-8806
Pereira,TO,+55 71 1699 3600
Carvalho,RR,(031) 0671-9578
Mendes das Neves S/A,PE,0300 626 9284
Nunes,DF,(051) 1367 6371
Cardoso,RN,+55 31 5249-0734
Jesus - ME,RR,+55 (031) 4632-4052
Porto,RN,(061) 5474 6667
Correia S/A,SE,31 9855-1957
Fogaça,RR,21 6750 5348
Cardoso Mendes - ME,PE,+55 (041) 7212 1235
Cunha,PA,(081) 5836 9080
Vieira e Filhos,SE,(011) 7602 0666
Duarte,MA,(081) 1933-2219
Castro Vieira Ltda.,PR,(084) 1349 1201
Gonçalves da Cunha S/A,MS,(071) 4888 5600
Aragão Ltda.,ES,+55 (071) 3084-5117
Moura,PI,81 4125-1770
Campos - ME,AP,31 7072 5805
Barros,SE,+55 (051) 0177 4975
Costela - EI,RN,(084) 1432 0878
Farias Ltda.,CE,+55 (071) 2837 2847
Carvalho,RJ,+55 (041) 8518 7124
Porto Caldeira e Filhos,MS,+55 51 8018 8267
Novaes S.A.,PR,0800 866 5394
Oliveira,DF,61 5821-7294
Pereira Pinto S/A,PE,+55 (031) 3623-5853
Santos,RO,61 3802-7141
Silva Viana S/A,RS,0500 533 3841
Fernandes Campos Ltda.,CE,+55 41 9874-7748
da Costa Cavalcanti S.A.,RN,(071) 3767 6628
Campos Azevedo - EI,RJ,+55 (051) 1153-5950
Moreira Mendes e Filhos,PE,+55 31 7321 2183
Pires Cavalcanti S.A.,RN,+55 (084) 5894-9149
Martins,PA,0800-975-4567
Moreira,SP,(031) 8453-2077
Teixeira,BA,+55 51 3128 4033
Barros,RJ,+55 (061) 3542 1417
Nunes S/A,AM,+55 21 4809 3037
Moraes,TO,+55 (081) 6555 4555
Costa,BA,+55 (011) 9675 6044
Souza Araújo e Filhos,AC,0900 276 2351
Almeida,AP,(071) 1278 6678
Costela,MG,41 2454-1314
Melo,SP,+55 (021) 9814 7371
Fogaça,PI,+55 (084) 2359-3889
Lopes,PI,(021) 2409 7749
da Conceição - EI,MS,51 3767 1487
Costela,PE,+55 41 7014 9168
Costela Cavalcanti - ME,SE,+55 41 8860-3402
Duarte,MA,(061) 8416 4349
Costa Peixoto - ME,MG,+55 51 9848 8898
Azevedo,AL,+55 (084) 3384-6311
Pires S/A,PI,+55 (021) 9094 8441
Melo - ME,MS,+55 61 5245 4793
Vieira,PI,51 3593 6253
Barbosa,MG,(041) 2697-2068
da Cunha,SP,+55 (051) 1526-4887
Cardoso - EI,MG,+55 51 8258 4662
Lopes,AP,(084) 4336-5630
Nogueira e Filhos,ES,(021) 3369-8678
Oliveira,AL,+55 11 8105 4933
Fernandes e Filhos,ES,(041) 1701-1782
Sales S.A.,RR,61 0562-4832
Moraes,PR,+55 (051) 5501-7863
Cardoso,GO,+55 84 5280-2351
da Costa Silveira e Filhos,AC,(031) 4418 1544
Ramos,SC,(084) 5501 1290
Rezende,PE,+55 71 3416 2028
Costela,AL,+55 (041) 7354 6052
Costa,PE,(051) 0528 8188
Ramos Monteiro S/A,RN,41 2390-3855
Dias,RN,+55 (071) 1944-2204
Campos S.A.,GO,+55 81 7860 7319
Silva,BA,0800 505 7784
Ramos,RN,84 0690 4216
da Rocha,SE,21 6626 6775
Nogueira Lima - EI,BA,+55 (061) 6488-5998
Carvalho Melo Ltda.,PA,84 7873-7786
Nunes Aragão S/A,MG,(061) 2868-1077
Cardoso - EI,DF,+55 (084) 4759 6401
Azevedo da Cunha e Filhos,RR,31 8452 4547
da Rosa,RS,+55 51 5866 0221
Duarte Ltda.,AC,+55 31 4954 2806
Caldeira - ME,RN,51 8276 2261
Freitas - ME,RJ,+55 (071) 0645 3656
Correia,RJ,(071) 3748-3105
Rezende S/A,RJ,84 0361-7005
Castro,TO,51 3968 3920
Moreira - EI,RR,+55 81 9460 4374
Araújo,RO,+55 (071) 6983-9151
Ramos - EI,RS,31 8768 5486
Duarte Ltda.,AL,+55 84 7516 2953
Nunes,PE,(061) 9017-0547
da Costa,AL,+55 (061) 8628-4537
Ramos da Cunha e Filhos,AC,+55 51 6637 2450
da Rosa - ME,PI,(041) 2070 3407
Pires Pereira Ltda.,SE,(061) 7761 7787
Castro S/A,MT,71 3838-5091
Nunes,MS,+55 (061) 8279-6833
Viana,SE,+55 71 4040 4831
Cavalcanti Lima e Filhos,AC,+55 41 1832-6616
da Mota,CE,+55 (061) 4957 8694
Castro e Filhos,MG,+55 84 6906-0107
Gomes Ltda.,RS,+55 51 3558 4539
Pinto Ribeiro S.A.,CE,+55 71 1143 7630
da Rocha - ME,BA,+55 (071) 7970 3875
Fogaça,CE,(011) 5747 8048
Barbosa Azevedo - ME,PE,+55 41 7338 5054
Rocha,RS,(041) 0323 5144
Freitas S.A.,RJ,21 1744-8023
Farias Nascimento e Filhos,PI,11 9942-8410
Porto das Neves Ltda.,GO,84 5665-1164
Mendes S/A,RR,+55 (041) 2534-2306
Vieira,RN,0500 872 4139
Nogueira - ME,PB,(011) 0142-5328
Pires da Cunha - EI,RS,21 6123-0544
da Mota da Paz e Filhos,GO,81 1972 1078
Castro,SC,+55 (084) 7394 1122
Freitas da Cruz Ltda.,PA,+55 (011) 3857 9144
da Mata Nogueira S/A,MG,+55 (081) 4509-6174
Vieira,MS,+55 51 0427 0883
Nunes,AL,+55 (071) 3245-3685
da Mota S.A.,GO,+55 (041) 1394-8067
Campos Freitas S/A,PR,+55 (031) 5160-2948
da Paz,MG,0500 682 7493
Cunha,MT,+55 (081) 6988 2880
Cardoso Ltda.,ES,(021) 5357-9029
Freitas,RR,+55 (031) 0422-3240
da Mata S.A.,PI,+55 31 1477 5688
Pinto,GO,+55 11 4500-6144
Cardoso da Conceição - EI,SP,0500-889-9938
das Neves Ltda.,PA,(084) 6531-4022
Cardoso,PB,0800 856 5277
Silveira - ME,AP,(061) 4117-6009
Teixeira,AC,+55 (061) 5968-9234
Sales,MS,+55 31 9074 4731
Martins S.A.,PA,+55 (084) 6090 2395
Monteiro,BA,+55 (071) 1303 7828
Teixeira Pires e Filhos,SE,+55 84 0982 0209
Novaes S/A,RJ,81 4703-5166
Cardoso,AM,(031) 7027 6937
Gonçalves,RR,+55 41 4088-6488
Peixoto,AL,31 7192-2207
da Rocha,RS,11 3073 3450
da Cruz,DF,(051) 5324-7333
Moraes Campos S.A.,RR,(051) 6056-2938
Jesus,DF,+55 61 0027-9373
Aragão,PI,+55 (021) 2804-5229
Porto da Conceição Ltda.,SE,0500 785 4808
Pereira S.A.,GO,+55 21 7244 9575
Carvalho,PE,(061) 8173-8014
Moraes,ES,61 1769-3659
da Cunha,MT,0800 962 4962
Dias,AC,+55 (011) 0074-4598
Gonçalves,TO,+55 (084) 7812 5233
Gonçalves,RS,+55 61 3976 6834
Dias Duarte S/A,MS,0300-762-5452
Aragão,SE,84 5324-0529
Rezende,PE,+55 81 3885-6578
Dias,MA,+55 (031) 9980 6603
da Mota da Conceição e Filhos,TO,(041) 2036 2393
Ramos,RO,81 5845 6107
Jesus,MT,+55 (051) 1538-0500
Costa,RJ,+55 84 6777-7738
Alves,RS,+55 84 2492-0177
Ramos,RS,(041) 3942 8152
Sales,CE,+55 31 9097 6509
Teixeira,BA,+55 81 5282-7019
Silveira,TO,+55 (084) 0497-6944
Carvalho,AC,+55 (061) 7574 0125
Viana Viana - ME,PA,(031) 9570-5526
Caldeira,BA,+55 51 3234 3230
Almeida Farias S/A,PA,+55 81 8625 3056
Barros,DF,(021) 9016-1835
Cavalcanti - ME,AP,(021) 9877-2481
da Rocha,CE,+55 (051) 3912-8376
Duarte Campos S.A.,ES,+55 (021) 7760 9615
Santos da Mota - EI,SE,+55 (061) 3623 5678
Pires,TO,+55 84 9280-3050
Mendes,RO,(011) 0112 1924
Pereira,BA,(021) 4306 8032
Fernandes,RS,(084) 6937-1965
Cardoso Moreira S.A.,AC,+55 (021) 9390 7088
Sales Rezende S.A.,AP,81 2843 3128
Cardoso,AM,11 1732 4874
Oliveira e Filhos,RJ,+55 81 7755 7573
Pires S/A,TO,+55 71 4111-1777
Dias - ME,DF,51 1913 2485
Fernandes S/A,DF,71 8493-3280
Lima - EI,SP,+55 (084) 6480 4996
Moraes da Mota Ltda.,SP,41 0610-5836
Nunes,SP,31 9667-7843
Carvalho,AM,0300 806 0619
Viana,RO,+55 (011) 5243-1813
Vieira Jesus S/A,CE,41 4778 7018
Barros Barros - ME,SE,61 6956-6286
Moura,MT,+55 31 5897-5285
da Luz Melo S/A,ES,+55 71 0324-2630
Cardoso,SC,21 8055-3963
Jesus,CE,+55 71 7206-1811
Rocha - ME,RN,+55 81 2369 3432
Ribeiro,MA,(031) 3450 4040
Pinto Porto S/A,RO,+55 (011) 3761-3685
Viana Azevedo - ME,RR,31 4062-0331
Rezende,AL,+55 21 1238-9698
Rodrigues,AM,+55 (061) 2177 7303
Fernandes,AC,+55 84 9776-8890
Jesus e Filhos,RR,(011) 5678 3436
Carvalho,PR,+55 (061) 9729 7497
Barbosa e Filhos,AC,+55 21 0608-2812
Monteiro Pinto S/A,GO,0500-041-7904
da Conceição Alves Ltda.,PE,+55 51 3856 3219
das Neves - ME,RR,+55 81 7035 6646
Sales S/A,RO,+55 11 4161 7637
Gonçalves,PE,+55 (041) 9199 1370
Barbosa,AC,81 8558-4711
Rezende,MS,(051) 6116-3995
Araújo Gonçalves S/A,RJ,(031) 4534 5808
Cardoso da Paz e Filhos,SC,+55 (011) 1266-1443
da Luz S/A,RR,(051) 8449 3526
Cunha Ltda.,SP,84 2194 2302
Nunes Gomes - EI,DF,(021) 6482-6858
Fernandes,RO,41 0047-9047
da Conceição,SC,21 2976 4314
Pereira,PA,0300-170-0180
Ribeiro,AL,(061) 8262-2263
Cunha,GO,(011) 9714-8638
Souza,SE,(061) 6623-0865
Caldeira S.A.,MT,0300-196-2768
Ribeiro,PR,(061) 4077 6178
Silveira Moreira S/A,MG,+55 (051) 5761 8678
da Conceição,RN,+55 31 0228-2278
da Mota,RR,(084) 6971-2603
Campos Monteiro Ltda.,MT,+55 (051) 1625 8733
da Paz da Costa S/A,MA,(041) 1620-5982
da Rocha Peixoto S/A,ES,21 6139 3379
da Cunha Pereira S.A.,PI,+55 (031) 5304-3605
Nogueira - EI,BA,+55 (051) 0095 7199
Barbosa S/A,PR,31 7638 7879
da Paz,PR,31 0804 7175
Teixeira - EI,GO,(051) 7423-2726
Costela Mendes S.A.,BA,+55 71 7432 1205
da Conceição Sales Ltda.,PB,+55 (084) 4719-4962
da Cunha,MT,84 0142-2588
Oliveira,PE,0800 747 2255
Barros,BA,+55 (031) 7349 9248
Teixeira e Filhos,CE,(041) 7371-2346
Gonçalves,MS,31 8666 5500
Silveira,AL,+55 (011) 3978 2619
Pereira Ltda.,AM,11 1083 2401
Sales,AC,+55 11 0276-7724
Cardoso,PB,+55 (071) 1547-3334
Almeida,RO,(051) 3914-8259
Moreira Ltda.,PE,11 1465 3076
Jesus e Filhos,AC,(071) 7268 0604
Jesus,PB,+55 11 1315-1301
Gomes,PI,(051) 2604 5166
Porto da Conceição - ME,BA,(041) 8635-2966
Costela Moreira Ltda.,AC,+55 81 4570-3460
Pires e Filhos,GO,+55 61 0638-2125
Pereira e Filhos,MS,61 8842 6971
Novaes S.A.,RS,(031) 6644 0014
Fernandes da Rosa e Filhos,BA,(011) 2006 2452
Costa,DF,84 7154 6456
Teixeira,TO,0300-577-5575
Campos Castro Ltda.,MG,31 7058-7074
Carvalho - EI,MG,+55 (081) 0374 6511
Porto,AC,+55 (071) 3460-9154
Barros Castro S/A,AP,+55 (081) 7467-3712
Moura Pires - EI,PR,+55 71 6435-1292
Castro e Filhos,PB,+55 (031) 6652 1108
Moreira,TO,(084) 4395 5474
da Cruz,SE,84 1252-0343
da Mota e Filhos,PA,(021) 3246-5629
das Neves S/A,MS,0500-131-2148
da Rocha,DF,(061) 9631-3814
Oliveira Freitas Ltda.,PA,+55 (021) 0500-0470
Vieira,PR,+55 (011) 0782 9039
Farias e Filhos,ES,0300 490 3899
Castro e Filhos,PA,(031) 0262 4794
Rocha,BA,(061) 8411 2831
Cardoso,PR,61 5310 1257
Cardoso Caldeira S/A,BA,31 6697 9849
Dias,RJ,+55 31 8136-2921
Martins,MT,(021) 7185 9517
Gomes,ES,+55 (081) 3019-4518
Rezende,RN,21 3171-2569
Fernandes S/A,PR,0900 068 4854
Lopes,PI,(061) 8414-8248
Almeida,ES,0800-979-6965
Cardoso,SC,(084) 0416 5505
Mendes e Filhos,MS,(021) 6572-4229
Aragão,RJ,21 3264 8227
Moraes,RS,0900 051 0059
da Costa das Neves e Filhos,RS,+55 (084) 6749 2404
Castro,TO,+55 21 5839-8827
Gonçalves,RJ,+55 (051) 6412-0578
Dias e Filhos,RS,+55 (031) 0675-1069
Castro,ES,(051) 0505 4385
Barbosa,DF,(061) 4882 5325
da Rosa - ME,RO,(061) 8981-7494
Cardoso,BA,(084) 9037 6104
Rezende Moura e Filhos,SC,+55 (031) 4558 6267
Dias e Filhos,ES,+55 (084) 8042-3962
Cardoso,MG,0300-317-5814
da Rocha da Paz Ltda.,PA,+55 (051) 8209 3499
Nascimento e Filhos,GO,+55 21 6871-9197
Cunha Almeida - ME,RJ,+55 (011) 3154-3799
da Costa,PB,71 2112 9362
Pires,AM,0800-701-5002
Freitas Ltda.,SE,+55 21 2856-0019
Melo,AL,0800-288-7353
Dias Ltda.,MT,41 5512 2190
Rezende e Filhos,SE,81 0306 2084
Novaes,CE,31 6578-3446
Lima - ME,SP,(051) 7665-0917
Peixoto S/A,MA,+55 (041) 5240-9363
Oliveira Gomes S/A,MA,(081) 2183 0596
Ferreira,RJ,61 9316 9185
Alves,PI,11 5165-9289
Cardoso,AP,+55 84 9063-1101
da Luz - EI,RN,+55 (061) 9280 0482
Nascimento,RS,(011) 1170-7759
Alves S.A.,RO,+55 41 4335-6054
Souza,GO,+55 (084) 3366 3933
Nascimento,MA,+55 81 2698-4428
Silva Castro S.A.,PR,(081) 9329 7944
Pires,RR,84 5349 3399
Costa,PE,(084) 3087-4994
da Luz,PR,+55 71 1566 5208
Campos,SC,+55 (061) 8015-7848
da Mota,SE,11 4812 8246
Gomes,GO,0300 629 9330
Alves,RO,41 9663-1044
da Cruz - ME,MS,51 2098 8267
Pires,TO,(084) 6599 2017
Fogaça Rodrigues S/A,MG,81 7365 5259
das Neves Pires S/A,MG,+55 (021) 4618 4212
da Cunha,RS,11 1614-0082
Freitas,MG,(071) 1348-9748
Gonçalves,AL,+55 (041) 0606-7138
Fogaça,RR,11 5541 9922
Cardoso,AP,+55 (031) 3657-7771
Monteiro,RO,(041) 0324-7409
Correia,AL,0500 582 0129
da Mata Duarte e Filhos,RS,11 6638 4887
Porto Nogueira - EI,AC,0500 323 3413
Nogueira,MT,+55 81 7729-2154
das Neves,SP,+55 11 1899 7294
Rezende Campos S.A.,PA,+55 31 8988 0974
Carvalho,SE,+55 51 9537 7825
Freitas - EI,RO,+55 (081) 5237-7936
Costa,RJ,84 2534 4542
Rodrigues Campos S.A.,PE,+55 (031) 7207 5295
Ribeiro,MS,(041) 7878-1350
Teixeira S/A,RN,71 4592 2215
Ribeiro Almeida Ltda.,RN,(021) 0937 6741
Rocha Ltda.,RJ,(071) 1587-0337
Almeida,MA,+55 84 8147 4860
das Neves Lima Ltda.,PA,+55 81 2670 9304
Silva Lima e Filhos,MG,21 5966-7928
Freitas Costa Ltda.,MA,11 3087-1073
Nogueira Nascimento - EI,PI,(011) 4606 8601
Rocha,SP,+55 51 7723 8015
Silveira,AL,(041) 1150-8480
Correia,RO,+55 (061) 8618-4108
Mendes Martins S.A.,SP,0500 816 3686
Cardoso - ME,RS,+55 31 4396-9104
da Paz,MT,11 2098 9063
Nascimento - ME,ES,+55 (011) 7323 6768
Monteiro,RN,+55 84 4533 5407
Fernandes,TO,+55 (051) 7054-8444
Costela,PE,+55 81 1336 1910
Novaes,AM,(061) 5375-2911
Rocha da Rosa - ME,SC,21 0806-1350
Peixoto,PE,51 1273 5650
Farias,RS,+55 84 7406-9132
Ferreira,MG,84 0612-5275
da Paz Farias e Filhos,RO,+55 84 4360-9756
Porto Caldeira S/A,RN,+55 (031) 7690 4700
Moura da Rocha - EI,SP,+55 (031) 3052 9253
Sales e Filhos,PE,+55 (081) 3704-5812
Ribeiro e Filhos,MT,(071) 0472-6553
Araújo,AP,+55 (051) 2322-4868
da Rocha Fogaça Ltda.,RR,0800 286 4636
Mendes - EI,TO,+55 (084) 4774-4920
Duarte da Cunha - EI,MS,21 9966 7480
da Mota da Mota - EI,AP,41 3953 0094
Pereira Martins S/A,PR,+55 (031) 2048-4120
Barros S/A,MG,+55 (021) 8201-1222
da Mota da Cunha - EI,MS,21 8987-2473
Azevedo S/A,BA,+55 81 0518-7070
Vieira - EI,RJ,+55 81 8109 7576
Vieira,SE,(021) 0451-1229
Fernandes,AC,(011) 3494 8180
Cunha,PA,(081) 5873 0217
Cardoso - ME,AL,+55 71 1246 5214
Aragão,MT,+55 (061) 1657-6791
Moreira - ME,SP,(031) 8149-9925
Rezende - ME,SP,+55 51 0017 0953
Carvalho,SC,81 5741 4927
Pires,SE,(084) 6261-3987
Alves,SE,+55 51 1808 6447
da Mata Cavalcanti e Filhos,BA,0500 864 0708
Farias - EI,GO,0500-119-6521
Nunes Ltda.,AP,+55 (011) 7311 9692
Silva,MA,(084) 1944 9313
Araújo Fernandes - EI,SP,(081) 7167 3602
Ferreira,DF,0900-156-8909
Nascimento Vieira S/A,PR,+55 (084) 8895 2961
da Paz Teixeira S.A.,PB,61 0914-9318
Monteiro - ME,MS,51 5930 2871
Fogaça,PR,+55 (084) 8016 8813
Dias,MA,+55 (084) 9865 1058
Moraes S/A,DF,+55 (031) 0340-6963
da Rosa,MS,11 2732 3992
Costela - EI,PE,+55 (041) 4584 8949
Teixeira e Filhos,PA,+55 (084) 3813 7277
da Rosa - EI,BA,(084) 4231-8871
Moura Pires S/A,MT,(041) 6204-1928
Azevedo Nunes - ME,AP,(021) 9911-9583
Azevedo,PE,+55 (084) 9232-9933
Dias Pires S/A,RO,+55 (084) 6497-9193
Jesus Silva - EI,SP,11 7008 4103
Nogueira,PE,+55 (081) 4182-6117
da Cunha,RO,0900 711 2344
Oliveira,PA,+55 81 1672 4147
Moraes,PA,+55 (084) 3237-1975
Duarte,PE,31 3965 8389
Carvalho e Filhos,SE,+55 (071) 6883 0423
da Cruz,GO,+55 81 4597-2551
Mendes - ME,MA,(071) 6292 8652
Correia,SE,+55 (041) 9997-3023
Duarte,PB,+55 (021) 5361 8578
Rodrigues,PA,21 1672-4797
Duarte S.A.,MS,+55 11 1144 1417
da Conceição,AC,+55 51 7367 4160
Costa,RN,+55 41 9505 6683
Cunha,AC,31 7411 7370
da Mota Nogueira Ltda.,SP,+55 (021) 3916 7297
Moura,SE,+55 (071) 7993-7216
Santos,PE,0500 954 7487
da Conceição,RS,84 6270 1237
Ferreira S.A.,MA,+55 51 5607 8340
Fogaça,PA,+55 (011) 3383 5389
Jesus,MA,+55 61 3455 1210
Azevedo Sales Ltda.,AL,31 4071 6517
Castro,SC,31 6139 3928
Aragão,GO,61 3979-3004
Vieira S/A,PE,61 2407-4083
Cavalcanti S.A.,PI,+55 61 2104-1864
Rodrigues Silveira Ltda.,AL,+55 (081) 5234 1555
Moura Lima S/A,PA,+55 71 4551 2775
da Cunha Ltda.,RJ,31 5894-8158
Moura Castro Ltda.,CE,(071) 5246-9851
Lopes,PR,61 7203 4344
Aragão,BA,+55 84 0391-3962
da Mata,AM,(041) 1693-8813
Cardoso - EI,TO,+55 (031) 1786 8092
Costa,TO,+55 (021) 4440 6837
Pinto e Filhos,GO,+55 (031) 1645-9853
Barbosa,SC,(084) 0359 3306
Duarte,PI,0800 502 2745
Moreira,PI,+55 21 6396-7085
da Conceição S.A.,TO,+55 81 0490-8580
Nogueira,PB,+55 (061) 1784-1268
Pires,PE,(071) 1053 1886
Costela,MS,(081) 2878 5678
Aragão,MA,21 3096 4799
Pinto Azevedo e Filhos,ES,61 4728 8002
Lopes,AP,+55 (051) 2237-0423
Ramos da Cunha S/A,PI,0300-341-5337
Ferreira,AM,(071) 1751-2737
Peixoto S.A.,SE,+55 (041) 2120-9889
Dias Fernandes Ltda.,AC,0800-131-3523
da Cruz,PR,+55 51 6156 1607
Souza,RR,+55 84 5583-9764
Rodrigues,GO,+55 (031) 0504 5619
Farias S.A.,MG,(051) 8161-1417
Cardoso e Filhos,TO,+55 21 4038 5772
Oliveira,RS,51 0437 4577
Ferreira - ME,RN,+55 31 7928-5087
Oliveira,PE,+55 (071) 9281-8054
da Paz - EI,RR,(031) 6522 4452
Porto Nogueira Ltda.,RN,+55 (041) 8410 9120
Barros S/A,RN,84 9883-9670
Moura,AP,+55 51 7291 3016
Dias,DF,(061) 3655-0185
Mendes Vieira - EI,RO,+55 41 7258-5946
Oliveira,RN,+55 41 2973-2497
da Mata Rodrigues e Filhos,RJ,0500 750 9227
Castro Cavalcanti S.A.,RR,71 3423 3958
Freitas Ltda.,CE,11 7140-2378
Viana,MA,0300-572-9359
Costela,PA,+55 11 0312 9266
Cavalcanti,CE,+55 (041) 7176 1455
da Rocha Rocha - EI,AL,(061) 1733 2263
Pereira Ltda.,BA,+55 31 5143 6052
das Neves,AC,+55 31 6152-2479
Novaes,AL,+55 11 6728-3541
Costela,ES,+55 11 1613 7518
Monteiro Monteiro Ltda.,ES,+55 41 0237 4744
Barros Mendes e Filhos,ES,+55 11 8803 5765
Nogueira,AP,21 7409 5940
Monteiro Almeida S/A,SE,31 3123-7523
Aragão e Filhos,PE,84 6846 8525
Teixeira S.A.,MS,(081) 3934-5034
Cunha,DF,+55 81 7996 0862
Barros das Neves S/A,MA,41 3841 0883
Araújo - ME,SC,+55 (021) 4386 8565
Vieira,PR,51 8106 8217
Rodrigues,AM,11 5836 1937
Pinto - EI,AM,(081) 8297-0962
Fogaça,AC,81 1790-6285
Almeida,SC,71 8887-0022
da Mata Rocha - ME,PE,84 8622-6248
Sales Melo Ltda.,AL,+55 51 4084 2914
Almeida,PI,+55 71 5916-4683
da Paz - ME,AM,71 8203-4202
Dias,MG,11 3422-7209
Souza,SP,(041) 1888 7031
Teixeira,DF,(011) 3565-7936
Castro Santos S.A.,TO,+55 (084) 6136 6678
Novaes,RJ,(041) 7425 9441
Moreira,TO,0800-448-1334
da Rosa,CE,0300-599-8821
Vieira,RR,(011) 5478 7163
Caldeira,PR,+55 (061) 4172-9920
Lopes,RJ,0500 590 7529
Alves,AP,(031) 7372 9970
Peixoto e Filhos,PI,+55 (021) 4591 9472
Azevedo,RS,(011) 1202-2160
Sales,PI,+55 (021) 2818 0020
Sales,PB,+55 61 0539-4445
Silva Ltda.,GO,+55 84 1019 5758
Aragão,PR,(021) 6896 0877
Costa,AM,+55 (084) 1551 9033
Souza e Filhos,RO,(084) 3549-4926
Peixoto,SE,0800-076-5104
da Paz Moraes - ME,AC,+55 84 3177 6033
da Costa e Filhos,MA,+55 61 0390-2082
das Neves Azevedo S/A,TO,+55 71 0875 4464
Dias - EI,MG,+55 (041) 2687 9122
da Conceição Ltda.,SC,+55 31 4485 9287
Freitas,SP,(021) 2925 5588
Cavalcanti,DF,(061) 3657-5884
Campos,PE,+55 31 8738-9130
Jesus Peixoto Ltda.,RJ,81 4006-2942
Martins Monteiro - ME,AC,61 1493 6287
Teixeira,RR,+55 (081) 0230 5543
Oliveira Gonçalves S/A,PB,+55 21 8286 0098
Almeida Fogaça Ltda.,AC,(084) 6486 7340
Lopes,DF,(051) 3937-6036
Correia S.A.,SP,(051) 1596-1176
Fogaça - ME,AM,+55 84 2726-0308
Mendes S/A,RN,0300-454-8930
Vieira,PE,+55 (041) 3376 6681
Barros,AL,21 5239 4423
Lima Farias - ME,RN,(081) 4119 5114
Nogueira Azevedo Ltda.,SP,+55 61 9165-7359
Moreira - EI,ES,+55 (071) 6915-3782
Nogueira Ltda.,MT,81 8248 2091
Cunha,PI,+55 (084) 1014 7858
Nunes - ME,MS,+55 (084) 5896 0718
Araújo,PA,+55 81 4622-1234
Gomes Teixeira Ltda.,RR,+55 (051) 6449-4054
da Luz Nunes S.A.,RO,+55 84 6091 0893
Gomes Rodrigues e Filhos,SP,(081) 5967 9353
Souza - ME,GO,(084) 8186-0532
Ribeiro,RJ,+55 (021) 5283 7133
Rodrigues,ES,+55 (084) 2287-4844
Almeida S.A.,PI,(084) 7138 4715
Barros Silva S/A,RS,+55 51 5521 4560
Santos S/A,MA,+55 71 7013-7842
Farias,MA,41 8848 9488
da Cunha,PA,+55 (084) 8512-4495
Sales,MA,+55 71 8894 3922
Fogaça e Filhos,PI,(071) 9041 3852
Vieira - ME,AP,+55 51 1751 2239
Mendes da Cunha - EI,MG,(051) 6194-3444
Barros S.A.,DF,+55 (061) 7821 9702
Ferreira Moraes e Filhos,MS,11 0002 5102
Gomes,PI,(031) 2030-6154
Correia,CE,+55 41 2167 1698
Novaes,SC,+55 (011) 2315-8615
Porto - EI,MA,+55 (031) 8224 0707
da Conceição,PB,(041) 9489 3827
Martins Lima S.A.,CE,0800-748-1202
Cavalcanti Campos Ltda.,AM,+55 51 8650 3849
Rocha,PA,81 7186-7393
Azevedo Melo S/A,SE,(084) 5603 5545
Alves - EI,BA,61 4762-7938
Santos,MS,+55 11 5043-6142
Moreira,RS,61 1851 8183
Rezende,AL,(031) 5814-0889
Oliveira,SC,0500-000-6742
Alves S.A.,MS,+55 (031) 9642-3322
das Neves,MS,+55 84 7560 4156
da Costa,RS,+55 (041) 3440 9161
Ramos,CE,0800-827-6518
Farias,ES,+55 (061) 6464-7499
Lima,AM,+55 (071) 5370 8896
Moreira Cunha - ME,BA,84 8114 8795
das Neves,TO,0900-514-1253
Melo Moraes S/A,RR,(011) 8281 3737
Barros Pinto S.A.,RO,+55 (061) 0384 1726
Costela Gonçalves Ltda.,AL,41 1574 5912
Rezende Azevedo - EI,PI,41 6698 8235
Martins Dias - ME,PE,+55 31 4641-3530
Pereira,CE,0900-100-9347
Castro da Costa - EI,MT,+55 (071) 8559 6005
Moura Cardoso S.A.,RO,+55 31 5133 8140
Carvalho,PB,0500 982 1416
Pinto Rocha Ltda.,MG,81 3109 4593
Santos Costa Ltda.,SP,(084) 6087 0400
Santos Moura e Filhos,BA,+55 71 6190-1724
Cardoso,BA,71 7712-3874
Viana,PB,0900-631-8626
Caldeira e Filhos,RN,(084) 7232 8987
Oliveira,MG,+55 (081) 2357-1610
da Cunha Costela S/A,GO,(084) 6974 3509
Pereira,SP,+55 (071) 0664 6472
da Mota Moraes Ltda.,AM,61 7924-1418
Lima da Mota - EI,SC,0900 080 7751
Gonçalves,RS,81 2323-8045
Lima,MG,+55 (061) 6430 0033
Cardoso S.A.,MT,0900-311-6996
Araújo S.A.,PB,+55 (051) 2155-2807
da Cunha Oliveira e Filhos,AC,0900 645 9001
Costela,RO,(051) 3284 7259
Almeida,PA,(061) 7272-1763
Jesus,SP,(084) 3347-6841
Rocha,SE,+55 11 8802-3582
Moreira,MG,+55 61 6715 1206
Ferreira,RJ,(061) 0572-2223
Ferreira,TO,0900 319 7346
da Rocha da Luz S/A,GO,+55 (061) 4873 1908
Mendes,SC,11 0320-9939
Ferreira Lopes Ltda.,PR,+55 21 4511 8810
Gonçalves Pires Ltda.,PB,71 0673 1350
Moura,CE,+55 (061) 4968 3873
Ferreira Ribeiro - ME,SE,81 4118 4982
Oliveira,AL,+55 (021) 6064-3746
